2.69347 
11.4111 
10.7995 
10.3517 
9.98465 
9.69554 
9.42462 
9.27005 
9.14149 
9.13915 
9.26371 
9.57545 
9.92551 
10.2185 
10.1233 
9.71366 
9.32195 
9.01719 
8.78594 
8.49636 
8.07205 
7.53813 
6.84106 
6.25957 
5.71989 
5.22956 
4.85375 
4.56937 
4.36252 
4.22926 
4.1495 
3.95079 
3.7334 
3.49049 
3.19471 
2.89784 
2.62689 
2.41446 
2.30741 
2.32858 
2.50584 
2.81423 
3.20772 
3.63427 
4.03459 
4.3951 
4.7198 
5.03148 
5.29285 
5.42005 
5.45902 
5.45099 
5.42729 
5.40036 
5.36021 
5.32899 
5.28824 
5.22541 
5.1281 
4.97608 
4.74476 
4.48879 
4.16257 
3.74163 
3.44211 
3.35872 
3.83399 
5.33304 
8.07657 
11.3138 
13.8013 
14.3063 
14.6937 
14.6704 
14.1929 
13.3003 
12.0934 
11.2152 
12.6323 
14.0196 
15.436 
16.8651 
18.4574 
20.0966 
21.739 
23.4007 
25.0182 
26.7625 
28.3784 
29.9948 
31.5074 
33.0904 
35.0148 
37.0227 
38.9124 
41.06 
43.2084 
45.6308 
48.2573 
51.1078 
54.3721 
57.9491 
61.752 
66.1859 
70.9022 
75.1054 
78.8239 
82.5515 
86.0714 
88.8432 
90.7403 
93.2398 
94.4457 
93.3556 
90.3461 
86.3901 
82.8198 
81.9355 
82.4646 
82.0798 
78.9576 
75.7668 
72.0676 
67.6992 
62.8997 
57.5579 
52.6137 
48.5917 
43.2428 
38.1988 
33.8037 
30.0883 
26.9521 
24.2903 
22.1753 
20.7056 
19.676 
18.6899 
18.1085 
17.6011 
17.1491 
16.807 
16.6238 
16.4955 
16.4093 
16.3529 
16.2231 
16.1604 
15.9304 
15.7839 
15.7536 
15.5404 
15.3838 
15.2397 
15.0537 
14.8781 
14.6955 
14.4471 
14.263 
14.1215 
14.0061 
13.7654 
13.7073 
13.4932 
13.3299 
13.3633 
13.3474 
13.527 
13.9291 
14.6475 
15.5985 
16.993 
19.234 
22.1347 
25.5919 
30.2085 
35.3281 
41.9569 
49.645 
58.401 
68.1777 
79.4087 
91.7411 
105.118 
119.682 
135.305 
151.812 
169.382 
188.801 
211.554 
237.565 
264.636 
295.018 
327.321 
361.443 
400.268 
440.908 
484.061 
526.413 
558.624 
589.892 
622.416 
641.669 
648.553 
653.754 
661.122 
669.187 
673.756 
676.656 
680.918 
683.073 
682.829 
683.095 
683.292 
679.696 
676.674 
673.722 
670.374 
663.894 
657.913 
651.732 
647.254 
642.989 
637.438 
633.049 
629.163 
626.802 
622.368 
616.198 
611.566 
604.878 
598.14 
593.581 
589.467 
583.624 
578.952 
573.346 
566.086 
558.035 
548.142 
535.708 
520.885 
505.864 
488.786 
471.453 
452.526 
433.069 
414.172 
395.874 
378.426 
361.41 
344.151 
328.915 
313.306 
296.829 
282.141 
266.654 
251.017 
234.543 
218.635 
203.074 
187.404 
172.053 
157.611 
144.001 
131.2 
119.372 
108.419 
98.5578 
89.5619 
81.1381 
73.5805 
66.9172 
61.045 
55.6282 
50.9606 
46.6403 
42.8976 
39.366 
36.335 
33.5687 
31.1777 
29.1043 
27.2879 
25.6642 
24.233 
23.0035 
21.9832 
21.1156 
20.3028 
19.6836 
19.095 
18.6067 
18.1381 
17.7163 
17.3836 
17.0948 
16.8223 
16.5544 
16.2681 
16.0962 
15.9048 
15.7491 
15.6307 
15.4908 
15.3605 
15.2843 
15.2248 
15.198 
15.2103 
15.2454 
15.3283 
15.4495 
15.5949 
15.759 
15.951 
16.1346 
16.3659 
16.5936 
16.8307 
17.0798 
17.3068 
17.5756 
17.8625 
18.1804 
18.5313 
18.8919 
19.3125 
19.7942 
20.2475 
20.725 
21.3027 
21.9556 
22.6164 
23.287 
23.9923 
24.7111 
25.4967 
26.3007 
27.1813 
28.1237 
29.1711 
30.2684 
31.3482 
32.4872 
33.827 
35.1636 
36.5813 
38.1414 
39.6994 
41.4111 
43.2755 
45.1523 
47.2672 
49.4293 
51.8019 
54.2279 
56.7912 
59.6858 
62.6039 
65.7571 
68.9912 
72.4415 
75.9011 
79.8423 
84.0368 
88.2674 
92.752 
97.709 
102.723 
108.283 
113.753 
119.571 
126.119 
132.525 
139.761 
147.288 
155.298 
163.554 
172.47 
181.717 
191.497 
201.639 
212.294 
224.258 
235.463 
247.085 
260.146 
273.243 
287.43 
301.863 
316.543 
332.741 
349.929 
367.627 
385.913 
404.425 
423.204 
444.524 
464.67 
487.115 
509.341 
532.381 
557.597 
582.769 
596.574 
596.659 
596.974 
597.958 
600.484 
598.996 
601.359 
600.854 
600.807 
601.341 
602.043 
603.903 
604.593 
605.192 
604.463 
605.663 
605.031 
607.086 
609.7 
609.503 
611.499 
613.027 
613.84 
614.367 
615.031 
615.941 
617.388 
618.918 
621.11 
622.815 
624.975 
625.295 
626.089 
627.364 
629.482 
632.434 
634.036 
635.974 
638.033 
639.979 
641.128 
640.02 
640.789 
641.283 
642.417 
642.71 
642.557 
642.886 
644.01 
644.717 
644.631 
642.676 
640.624 
640.123 
638.872 
639.185 
637.736 
636.604 
635.263 
634.722 
633.119 
631.973 
631.057 
629.346 
627.258 
626.866 
625.354 
625.69 
626.354 
625.642 
626.82 
624.701 
623.385 
621.793 
620.616 
620.301 
619.858 
619.485 
619.603 
618.392 
618.076 
616.608 
614.853 
615.255 
615.36 
614.878 
614.055 
613.929 
612.926 
612.121 
612.674 
612.603 
612.735 
611.889 
610.561 
609.832 
609.049 
609.711 
608.876 
609.087 
607.054 
606.182 
606.098 
606.648 
605.043 
605.853 
605.821 
604.295 
602.921 
601.52 
602.376 
600.737 
599.962 
600.246 
599.956 
598.315 
597.542 
599.015 
597.036 
596.38 
595.5 
593.769 
593.613 
592.495 
592.714 
593.173 
592.733 
593.302 
595.515 
594.749 
595.345 
596.068 
596.715 
597.589 
596.005 
598.017 
596.988 
596.057 
596.513 
596.324 
595.743 
595.945 
597.125 
598.152 
599.535 
598.768 
599.636 
599.09 
599.344 
599.02 
600.527 
600.208 
600.929 
601.899 
600.995 
598.867 
598.985 
598.773 
599.613 
599.223 
599.565 
599.503 
600.255 
600.839 
601.64 
603.038 
601.197 
601.035 
601.816 
602.998 
604.821 
603.864 
603.951 
604.741 
606.592 
608.34 
608.257 
608.877 
608.715 
609.91 
608.928 
610.537 
610.656 
610.601 
609.718 
610.943 
610.993 
610.394 
610.725 
609.925 
610.285 
612.265 
613.374 
612.729 
614.388 
614.765 
613.605 
614.137 
615.319 
616.681 
615.912 
615.654 
616.261 
615.877 
617.302 
617.099 
617.289 
617.603 
615.268 
614.654 
614.594 
613.812 
616.276 
617.695 
619.503 
621.11 
621.058 
620.431 
620.235 
618.877 
618.796 
618.565 
617.148 
616.541 
618.288 
617.241 
615.994 
613.926 
613.436 
612.296 
612.219 
612.301 
610.249 
610.562 
608.431 
607.852 
607.777 
607.351 
607.35 
608.254 
606.373 
607.917 
607.416 
607.902 
607.931 
608.271 
608.723 
608.368 
609.343 
607.993 
607.983 
608.724 
606.909 
606 
604.225 
603.683 
602.826 
603.178 
601.933 
600.677 
599.287 
600.583 
600.024 
599.452 
599.728 
599.918 
598.692 
598.053 
598.569 
598.272 
598.162 
596.991 
597.775 
597.199 
596.323 
595.47 
593.913 
594.908 
595.496 
594.408 
594.382 
593.654 
592.871 
592.808 
592.09 
590.512 
589.575 
589.163 
588.966 
588.336 
587.119 
587.341 
586.571 
586.703 
587.388 
588.351 
588.025 
588.097 
588.932 
589.681 
590.48 
589.103 
590.114 
591.624 
590.283 
590.687 
591.088 
591.404 
590.707 
592.644 
592.861 
594.765 
593.747 
594.855 
595.374 
596.561 
598.776 
599.66 
598.305 
599.644 
601.464 
602.759 
603.348 
603.512 
603.829 
605.121 
605.151 
605.062 
605.55 
605.331 
605.016 
607.067 
608.02 
609.68 
611.032 
613.083 
612.131 
612.089 
611.849 
611.546 
613.735 
613.515 
614.21 
613.542 
612.723 
614.583 
612.538 
613.907 
612.839 
614.91 
613.81 
613.966 
613.328 
612.898 
613.731 
613.351 
614.17 
614.006 
613.879 
614.735 
614.2 
614.204 
615.606 
614.684 
614.391 
614.342 
614.143 
614.712 
613.861 
613.706 
613.278 
613.326 
611.725 
613.172 
612.247 
612.447 
611.954 
611.846 
611.464 
611.627 
612.332 
612.897 
613.318 
612.593 
612.478 
612.822 
613.779 
613.863 
613.455 
613.72 
614.325 
613.867 
614.25 
614.441 
614.328 
612.899 
612.769 
611.281 
611.201 
610.778 
609.933 
609.991 
608.507 
607.705 
606.919 
605.215 
605.074 
605.594 
606.236 
607.037 
605.482 
605.338 
604.69 
602.902 
602.672 
601.752 
600.42 
599.67 
599.035 
600.597 
599.852 
598.587 
599.471 
600.534 
598.373 
597.027 
597.457 
596.229 
596.144 
594.96 
594.15 
595.395 
594.846 
594.974 
595.093 
595.229 
594.527 
593.869 
594 
592.793 
591.955 
593.501 
593.066 
592.792 
591.66 
590.881 
591.233 
590.58 
590.195 
590.445 
591.037 
590.962 
590.595 
590.149 
590.573 
590.405 
589.408 
589.958 
588.735 
587.964 
586.196 
585.451 
585.303 
584.373 
585.13 
587.045 
588.491 
588.686 
590.509 
590.087 
590.264 
591.376 
591.295 
591.078 
590.548 
592.398 
592.129 
593.388 
593.889 
593.706 
595.222 
596.578 
597.587 
600.111 
600.822 
600.476 
601.171 
602.796 
602.679 
601.608 
603.772 
605.158 
606.214 
606.551 
607.273 
608.094 
607.604 
608.402 
609.36 
609.693 
610 
609.473 
610.192 
611.138 
611.35 
610.329 
611.182 
611.924 
612.313 
611.218 
609.704 
610.069 
611.488 
613.615 
613.487 
612.624 
614.814 
613.019 
612.591 
613.355 
613.281 
613.333 
612.987 
612.854 
613.889 
612.55 
613.256 
611.812 
611.21 
612.261 
612.199 
612.534 
613.345 
612.515 
613.34 
613.121 
612.759 
611.064 
610.184 
610.69 
610.75 
609.734 
609.831 
609.909 
610.598 
610.169 
608.617 
608.11 
608.44 
607.543 
608.039 
606.896 
606.978 
605.522 
604.57 
602.943 
601.106 
600.139 
599.507 
600.469 
600.826 
599.47 
598.104 
596.924 
598.118 
598.249 
598.408 
598.067 
597.585 
596.465 
596.389 
597.566 
596.895 
596.775 
597.211 
596.019 
595.62 
594.883 
594.761 
595.178 
591.862 
591.918 
589.795 
589.557 
588.504 
588.432 
588.417 
588.215 
587.548 
587.669 
585.588 
584.144 
583.667 
585.192 
584.082 
584.665 
584.63 
585.226 
584.687 
583.768 
584.421 
582.847 
581.749 
579.804 
579.455 
578.955 
579.715 
578.643 
579.389 
580.612 
581.449 
582.879 
581.885 
581.86 
582.142 
581.27 
580.171 
581.655 
581.459 
580.68 
581.117 
582.288 
582.777 
584.105 
585.303 
586.525 
588.13 
589.78 
589.672 
592.04 
593.68 
594.791 
595.888 
597.545 
598.558 
598.123 
599.193 
600.971 
600.866 
602.13 
602.692 
604.823 
605.402 
606.937 
605.483 
605.827 
606.087 
606.946 
606.99 
608.119 
608.151 
609.116 
609.47 
610.487 
612.428 
612.693 
612.743 
611.284 
610.795 
610.074 
608.614 
609.351 
609.246 
608.941 
609.251 
610.587 
610.415 
610.367 
609.769 
610.097 
609.894 
610.469 
610.403 
612.885 
613.731 
612.746 
613.199 
612.251 
610.91 
611.871 
611.654 
613.909 
614.057 
614.057 
615.595 
615.223 
614.665 
614.569 
613.902 
614.402 
614.852 
615.743 
615.639 
615.777 
614.977 
614.358 
613.793 
613.839 
613.333 
613.298 
613.617 
612.314 
612.009 
612.385 
611.146 
611.823 
610.764 
609.645 
609.698 
610.066 
610.281 
609.319 
609.041 
608.28 
608.156 
607.339 
605.729 
604.396 
605.606 
604.319 
603.368 
602.292 
602.269 
601.91 
600.11 
599.425 
598.392 
597.609 
596.385 
596.719 
595.636 
595.267 
594.324 
594.062 
592.214 
591.886 
590.301 
590.771 
589.954 
588.819 
587.485 
586.814 
585.862 
584.42 
584.933 
585.779 
585.887 
586.911 
587.419 
588.357 
589.189 
588.112 
587.685 
586.303 
586.156 
585.081 
585.185 
584.629 
583.908 
582.556 
583.975 
582.699 
582.903 
584.115 
584.861 
586.014 
585.967 
586.135 
586.097 
586.713 
587.124 
586.199 
585.181 
586.427 
586.056 
585.775 
586.716 
587.415 
587 
588.157 
587.491 
587.521 
587.815 
587.608 
588.002 
586.936 
587.135 
587.449 
588.882 
589.224 
589.043 
587.983 
589.498 
589.389 
591.435 
592.947 
593.245 
595.107 
594.295 
596.203 
597.367 
596.767 
599.468 
600.634 
602.013 
602.851 
602.807 
602.958 
604.479 
605.657 
606.252 
607.584 
609.171 
611.777 
612.159 
614.933 
613.627 
614.528 
614.966 
614.425 
613.305 
616.578 
616.619 
616.338 
615.883 
615.694 
614.752 
615.665 
613.852 
614.209 
614.764 
615.217 
616.113 
616.952 
618.067 
618.289 
616.911 
618.377 
617.113 
617.382 
616.03 
615.82 
617.313 
615.858 
616.412 
616.797 
615.787 
615.178 
613.671 
612.447 
612.781 
611.798 
612.233 
610.96 
610.081 
608.66 
607.234 
607.553 
607.177 
607.262 
607.484 
606.447 
606.307 
606.572 
606.433 
604.645 
604.681 
604.07 
601.499 
600.625 
600.676 
601.601 
600.043 
598.12 
597.279 
596.463 
596.563 
596.681 
596.047 
596.384 
596.718 
596.446 
595.7 
595.154 
593.809 
593.669 
592.192 
592.009 
592.203 
592.275 
591.591 
591.804 
590.462 
590.197 
590.383 
590.138 
588.117 
586.108 
587.353 
585.932 
586.339 
586.808 
588.445 
587.786 
588.322 
586.095 
586.459 
585.636 
584.175 
583.385 
583.734 
584.51 
584.831 
583.111 
583.196 
582.231 
581.85 
581.893 
581.614 
584.214 
582.945 
583.282 
582.97 
583.4 
582.243 
583.038 
582.886 
583.901 
584.333 
583.672 
585.317 
586.661 
587.269 
587.488 
586.044 
586.025 
585.304 
586.907 
587.506 
586.816 
586.912 
586.22 
587.93 
589.489 
589.659 
588.872 
587.847 
587.812 
589.293 
589.88 
592.267 
591.882 
593.022 
594.784 
597.201 
597.402 
599.302 
599.838 
600.996 
602.166 
603.831 
604.125 
604.903 
605.082 
605.073 
605.286 
605.547 
605.58 
606.779 
607.484 
608.213 
609.569 
609.255 
609.93 
609.943 
609.039 
610.581 
612.506 
612.362 
613.83 
613.559 
613.726 
615.193 
615.716 
614.983 
615.339 
615.322 
615.711 
615.963 
616.036 
616.328 
616.824 
616.474 
617.146 
615.455 
615.454 
614.721 
613.869 
613.738 
614.85 
614.559 
613.799 
614.477 
613.843 
614.042 
613.032 
612.784 
612.184 
610.899 
611.536 
611.753 
610.767 
611.025 
609.614 
608.622 
608.044 
605.98 
603.929 
604.17 
603.667 
602.948 
602.692 
603.277 
601.855 
600.935 
601.655 
601.998 
602.02 
601.361 
599.529 
600.153 
598.918 
599.779 
598.921 
599.572 
599.94 
599.909 
601.704 
599.782 
599.471 
598.387 
598.623 
598.598 
598.767 
596.782 
594.524 
595.308 
595.435 
595.419 
594.219 
593.913 
593.377 
593.39 
593.367 
592.83 
590.583 
590.137 
590.861 
589.511 
588.56 
587.973 
587.959 
586.028 
586.108 
584.648 
582.944 
581.176 
582.058 
582.349 
580.616 
581.151 
580.544 
580.478 
581.32 
580.818 
580.189 
579.835 
579.726 
578.776 
577.8 
577.845 
578.466 
579.005 
577.355 
578.862 
580.424 
580.02 
580.876 
582.963 
584.032 
586.09 
585.398 
585.99 
586.988 
589.111 
589.369 
588.723 
589.451 
589.7 
591.124 
592.084 
591.781 
592.402 
594.364 
595.329 
597.805 
598.243 
599.158 
601.14 
600.833 
602.407 
603.005 
605.356 
605.251 
605.8 
607.401 
607.514 
609.61 
612.178 
614.405 
616.248 
616.779 
617.253 
618.814 
618.67 
620.436 
620.645 
621.177 
619.167 
620.091 
621.328 
620.864 
620.505 
620.198 
619.869 
618.77 
617.422 
618.108 
616.534 
616.514 
617.846 
618.441 
617.691 
616.29 
616.469 
617.421 
614.506 
615.373 
615.296 
615.519 
614.07 
614.627 
612.372 
612.838 
612.598 
611.47 
611.59 
610.587 
611.169 
610.407 
610.087 
609.468 
610.938 
610.79 
612.184 
612.103 
612.469 
612.96 
611.834 
612.548 
611.299 
611.737 
612.351 
611.801 
611.069 
611.317 
611.344 
611.746 
609.915 
609.381 
610.195 
609.68 
608.675 
608.152 
607.485 
607.1 
607.041 
606.249 
605.814 
605.582 
604.649 
604.074 
603.676 
602.774 
601.331 
599.404 
597.126 
596.715 
595.35 
593.542 
592.759 
592.065 
593.102 
594.299 
593.532 
593.387 
593.552 
592.822 
591.535 
589.821 
590.289 
588.454 
587.098 
587.581 
588.29 
586.911 
588.175 
587.027 
586.867 
586.207 
586.456 
587.107 
587.735 
588.17 
587.744 
587.506 
587.538 
587.128 
587.094 
585.634 
586.677 
587.227 
586.698 
586.002 
586.496 
587.755 
587.104 
586.259 
586.551 
587.905 
586.74 
587.54 
588.952 
589.522 
589.068 
588.889 
588.788 
589.18 
590.217 
591.401 
592.507 
591.204 
593.945 
595.701 
596.654 
597.642 
598.265 
597.177 
597.967 
598.913 
598.822 
597.441 
598.291 
599.491 
600.349 
599.968 
600.123 
601.079 
599.404 
600.169 
602.969 
603.593 
603.165 
605.142 
604.841 
605.78 
606.037 
606.973 
608.426 
608.908 
610.536 
610.891 
611.735 
612.985 
611.959 
611.389 
609.796 
609.304 
608.984 
608.713 
609.346 
609.517 
609.079 
610.398 
610.188 
610.372 
609.301 
608.724 
610.47 
610.13 
609.414 
610.004 
609.981 
610.582 
610.402 
611.649 
611.399 
609.902 
608.588 
608.066 
608.296 
609.35 
607.663 
607.175 
609.365 
608.956 
609.02 
608.3 
608.223 
608.013 
609.345 
608.399 
608.025 
606.661 
605.829 
604.106 
605.586 
606.436 
605.032 
604.847 
603.951 
604.811 
604.182 
602.682 
601.824 
600.068 
600.713 
599.783 
599.856 
597.753 
597.794 
596.55 
595.902 
595.014 
594.667 
595.699 
595.896 
595.023 
594.545 
593.443 
592.933 
591.728 
592.088 
591.598 
590.572 
589.707 
589.791 
589.192 
587.109 
586.578 
586.59 
585.26 
585.119 
584.985 
584.681 
584.916 
584.43 
584.864 
584.399 
582.991 
584.041 
583.773 
584.257 
584.458 
584.917 
584.062 
584.168 
583.699 
584.204 
583.076 
585.039 
584.528 
583.994 
583.347 
584.332 
585.086 
585.678 
586.225 
585.236 
584.588 
585.969 
586.74 
586.58 
586.971 
587.964 
587.673 
588.62 
588.076 
589.404 
588.779 
588.018 
588.372 
590.358 
591.922 
591.769 
592.487 
593.184 
595.204 
593.631 
593.048 
594.653 
595.727 
596.151 
597.314 
598.861 
600.45 
602.37 
603.046 
602.513 
603.753 
604.991 
605.198 
603.824 
605.361 
606.442 
607.524 
609.038 
611.41 
613.414 
612.023 
612.216 
612.008 
612.557 
611.607 
612.984 
612.829 
612.466 
614.282 
614.965 
616.337 
617.067 
615.933 
615.529 
615.836 
615.642 
616.799 
616.467 
615.727 
614.495 
613.63 
614.534 
613.895 
614.32 
614.081 
614.473 
613.064 
611.8 
610.56 
610.22 
608.587 
607.428 
606.781 
605.952 
604.849 
604.951 
605.518 
606.016 
605.948 
605.261 
603.969 
603.7 
602.655 
601.824 
600.973 
602.397 
601.849 
602.195 
602.377 
601.81 
603.713 
601.706 
600.841 
599.624 
598.893 
599.844 
600.432 
599.434 
598.573 
598.427 
598.051 
597.658 
599.136 
597.966 
598.038 
596.629 
596.683 
595.916 
596.255 
595.767 
595.648 
596.633 
595.501 
593.568 
592.376 
590.449 
588.872 
588.926 
589.526 
588.258 
587.506 
588.786 
587.25 
587.977 
587.769 
586.945 
587.054 
587.153 
586.857 
586.69 
586.665 
586.186 
584.675 
584.071 
584.275 
583.318 
581.456 
580.752 
580.643 
581.315 
580.773 
581.381 
580.84 
579.804 
578.862 
578.481 
577.522 
576.92 
577.4 
577.486 
578.593 
578.96 
579.74 
579.576 
581.144 
580.174 
580.968 
582.243 
582.179 
581.871 
583.246 
582.489 
583.483 
584.754 
586.54 
588.343 
587.839 
589.703 
591.254 
591.439 
592.186 
594.83 
597.297 
598.602 
599.934 
602.227 
603.411 
604.653 
605.687 
605.34 
604.159 
605.202 
605.189 
607.407 
608.379 
609.799 
610.111 
613.101 
613.239 
611.757 
613.059 
613.764 
613.896 
613.63 
613.766 
613.333 
613.347 
614.71 
614.521 
613.445 
614.565 
615.888 
613.511 
612.801 
613.38 
613.941 
612.896 
612.89 
613.51 
614.9 
615.735 
615.62 
615.752 
616.985 
617.505 
617.819 
617.067 
617.434 
616.983 
616.363 
616.606 
615.56 
614.76 
614.808 
614.824 
614.396 
614.115 
615.27 
616.989 
617.326 
616.593 
616.077 
615.034 
614.982 
615.385 
616.542 
615.046 
614.315 
613.425 
614.091 
612.948 
611.318 
611.914 
612.392 
612.099 
611.221 
610.357 
610.065 
609.36 
608.075 
607.028 
606.301 
604.731 
604.434 
604.192 
603.549 
603.487 
601.95 
602.288 
601.778 
600.59 
600.232 
600.535 
600.236 
599.171 
598.299 
597.981 
595.717 
594.963 
592.837 
592.368 
592.398 
592.465 
593.765 
592.632 
590.785 
589.684 
589.928 
590.504 
589.689 
588.964 
587.762 
587.976 
589.148 
588.031 
585.903 
583.826 
583.805 
583.568 
583.645 
583.145 
582.497 
581.66 
581.913 
581.471 
580.627 
580.375 
580.588 
580.14 
581.13 
580.584 
580.181 
580.109 
578.648 
577.185 
577.338 
579.087 
579.478 
579.848 
580.62 
581.923 
581.37 
582.931 
585.721 
584.345 
584.231 
585.003 
584.726 
583.989 
584.215 
584.779 
587.388 
587.442 
590.12 
591.713 
592.786 
593.738 
594.041 
594.284 
596.691 
597.676 
598.341 
600.91 
603.315 
603.172 
605.418 
607.325 
609.125 
610.463 
610.617 
611.146 
611.172 
610.95 
611.025 
611.786 
612.431 
612.785 
613.939 
616.262 
616.516 
615.03 
616.522 
618.147 
618.411 
619.971 
621.34 
620.514 
618.772 
619.013 
617.962 
617.244 
618.867 
617.858 
617.609 
616.443 
617.379 
616.831 
617.653 
617.077 
614.073 
614.825 
616.032 
615.296 
615.787 
616.446 
615.182 
615.708 
615.296 
615.736 
615.284 
615.077 
615.222 
613.258 
611.558 
610.728 
609.629 
609.923 
609.066 
608.267 
610.015 
611.253 
610.974 
610.792 
610.502 
611.012 
609.906 
609.65 
610.671 
609.992 
609.373 
607.869 
607.185 
607.285 
608.306 
607.563 
606.042 
607.778 
606.502 
604.06 
603.848 
604.246 
603.536 
603.575 
602.251 
602.051 
601.455 
601.858 
600.975 
599.327 
599.24 
597.905 
597.282 
595.828 
596.256 
594.868 
592.455 
592.477 
592.175 
591.204 
591.734 
589.405 
589.429 
588.349 
587.476 
586.44 
585.335 
583.368 
582.93 
583.927 
583.591 
583.649 
583.875 
583.088 
580.542 
581.248 
581.893 
582.737 
581.411 
580.217 
578.936 
580.22 
579.357 
580.226 
580 
580.115 
581.082 
581.931 
583.338 
583.314 
584.423 
584.278 
584.079 
582.827 
582.997 
582.466 
582.02 
583.056 
583.081 
584.934 
585.386 
587.967 
588.237 
588.993 
590.546 
591.441 
592.401 
594.502 
595.443 
596.64 
595.838 
596.895 
599.531 
599.23 
600.449 
601.774 
601.697 
602.333 
602.751 
604.762 
604.922 
604.383 
604.639 
607.028 
607.703 
610.44 
609.905 
609.015 
610.997 
612.628 
612.614 
614.392 
616.488 
617.81 
617.31 
618.356 
619.946 
619.582 
621.167 
620.599 
622.251 
622.411 
622.592 
622.558 
624.307 
624.587 
624.694 
623.573 
623.829 
623.713 
623.124 
622.614 
623.513 
625.181 
625.136 
624.232 
624.785 
623.967 
626.211 
625.282 
626.049 
624.456 
623.521 
623.66 
624.434 
622.972 
622.055 
622.198 
620.401 
620.692 
620.71 
621.775 
622.16 
621.015 
619.91 
619.578 
618.392 
617.244 
616.982 
617.352 
615.599 
614.065 
612.813 
612.414 
612.769 
612.34 
611.603 
610.084 
609.676 
608.055 
607.664 
606.972 
607.091 
606.194 
604.67 
603.738 
602.662 
602.888 
602.496 
602.993 
601.008 
599.806 
598.869 
598.08 
596.247 
595.314 
595.417 
594.916 
594.615 
594.212 
593.273 
593.11 
592.045 
590.468 
591.24 
590.337 
588.787 
588.356 
587.39 
586.915 
584.727 
585.138 
582.869 
582.48 
580.823 
580.698 
580.092 
581.124 
580.691 
582.306 
581.509 
579.766 
578.702 
577.768 
578.197 
576.962 
576.644 
576.192 
576.531 
575.706 
576.604 
577.466 
576.716 
577.383 
576.856 
576.412 
577.076 
576.178 
577.657 
577.721 
577.921 
578.437 
579.449 
579.678 
580.179 
581.155 
580.711 
582.465 
583.298 
584.947 
586.226 
588.433 
590.29 
592.512 
593.696 
595.313 
596.628 
597.732 
599.414 
599.505 
600.758 
600.439 
601.154 
600.88 
602.446 
603.299 
605.509 
606.204 
606.981 
608.273 
608.52 
609.375 
611.529 
612.047 
614.203 
616.507 
616.569 
618.597 
620.017 
618.706 
618.161 
617.985 
620.745 
623.022 
623.893 
622.58 
623.2 
622.381 
623.882 
623.142 
622.966 
622.76 
622.865 
622.551 
623.314 
623.834 
624.835 
625.065 
623.666 
624.156 
623.929 
623.127 
621.786 
622.633 
620.894 
621.678 
620.893 
621.413 
622.344 
623.138 
622.825 
620.671 
618.617 
618.079 
616.989 
616.809 
616.957 
616.995 
616.979 
615.785 
616.822 
617.71 
615.492 
613.812 
614.364 
613.36 
612.771 
611.681 
129.741 
77.0586 
37.2893 
17.3889 
8.36376 
4.74095 
3.68473 
4.02539 
5.22174 
7.38695 
10.477 
14.3859 
19.0248 
24.3716 
30.0719 
36.1592 
42.6509 
49.7182 
56.015 
62.4687 
68.439 
73.7684 
78.0777 
81.2617 
83.9619 
87.7131 
90.9836 
90.322 
90.3146 
88.5467 
86.453 
84.2374 
81.2297 
78.2659 
75.5706 
72.1579 
67.1462 
60.3986 
53.3178 
44.7683 
36.522 
27.5947 
20.13 
13.6633 
7.88503 
4.07232 
4.19575 
9.49281 
19.5601 
18.9121 
17.9061 
17.376 
16.7972 
16.2845 
16.2029 
16.8014 
17.6152 
18.8479 
20.9208 
23.7648 
26.55 
28.672 
30.1069 
30.8165 
31.7337 
31.3321 
30.5862 
31.6524 
28.9877 
25.9777 
23.0502 
20.0755 
17.1456 
14.5936 
12.4672 
10.882 
9.46575 
8.58185 
7.95804 
7.43322 
7.21748 
6.93096 
6.80122 
6.84096 
6.53983 
6.36555 
6.1569 
5.70816 
5.20276 
4.85391 
4.52622 
4.42055 
4.44344 
4.64345 
4.97376 
5.4033 
5.90997 
6.41541 
6.66812 
6.43724 
6.28556 
6.30537 
6.30997 
6.33605 
6.27926 
6.0436 
5.82927 
5.62594 
5.44997 
5.34965 
5.33444 
5.34577 
5.37801 
5.44389 
5.48276 
5.41513 
5.1856 
4.80243 
4.43425 
4.17803 
4.26804 
4.30477 
4.37098 
4.59807 
4.96107 
5.63255 
6.3911 
7.1743 
8.16107 
8.76197 
9.14317 
9.4538 
9.43799 
9.27494 
8.98679 
8.837 
8.79429 
8.45246 
8.24333 
8.02922 
8.00785 
8.14306 
8.11095 
8.04779 
7.89246 
7.64839 
7.19328 
6.74475 
6.17917 
5.54185 
4.85838 
4.20156 
3.59848 
3.11197 
2.78734 
2.70852 
2.96759 
3.49686 
4.28901 
5.23248 
6.25679 
7.16954 
7.92951 
8.40556 
8.79578 
9.31342 
9.89334 
9.81403 
9.42544 
8.25447 
6.97803 
5.86722 
4.97399 
4.23732 
3.81417 
3.58101 
3.4121 
3.27926 
3.18755 
3.11707 
3.07617 
3.03 
3.0282 
3.05967 
3.1993 
3.51986 
4.14691 
5.15218 
6.79549 
9.34012 
13.5447 
20.8467 
31.3059 
27.4957 
25.0809 
23.0478 
20.0549 
16.4473 
12.5076 
14.7667 
18.1966 
21.1047 
18.2635 
15.8961 
13.937 
12.4638 
11.2073 
10.2795 
9.53374 
9.01198 
8.60404 
8.37268 
8.21608 
8.19156 
8.25785 
8.34874 
8.48284 
8.74445 
9.14473 
9.47806 
9.75662 
10.0931 
10.4047 
10.6459 
10.9282 
11.1901 
11.4653 
11.6776 
11.8571 
12.1331 
12.4187 
12.6035 
12.7684 
12.9063 
12.9916 
13.0079 
12.8099 
12.4615 
12.0113 
11.5277 
10.8778 
10.4901 
9.9983 
9.60723 
9.12423 
8.87879 
8.46601 
8.0338 
7.98352 
8.5784 
9.7 
9.93569 
10.4339 
10.8677 
11.4745 
12.0987 
12.8559 
13.42 
13.9474 
14.4757 
15.9633 
21.8245 
22.6821 
23.8424 
25.2672 
26.716 
28.3036 
29.513 
30.5562 
31.7265 
33.2969 
34.9784 
37.1843 
39.4232 
41.7307 
44.7133 
47.8269 
51.3391 
55.0821 
57.5908 
60.9079 
65.589 
71.126 
77.5568 
84.3583 
88.3053 
92.5826 
97.6968 
102.841 
106.803 
109.793 
110.449 
107.85 
101.434 
89.892 
73.7966 
50.8914 
24.8315 
5.91211 
3.70286 
14.0908 
26.5744 
33.2476 
36.4433 
38.3091 
37.2586 
39.9898 
40.4885 
38.516 
35.2688 
31.9275 
28.0933 
33.052 
39.1396 
43.9691 
48.8258 
55.9605 
66.0529 
82.6265 
98.1112 
104.398 
101.048 
90.1805 
82.9256 
76.5902 
70.8326 
66.3619 
62.7727 
59.9314 
58.4808 
57.5245 
56.9187 
56.2223 
55.6885 
52.8585 
53.7771 
54.5813 
54.7423 
52.6908 
49.8774 
46.8362 
43.3628 
39.6226 
35.8873 
32.5925 
30.0281 
27.3724 
24.8517 
22.4892 
20.479 
18.7376 
16.9277 
15.302 
13.8018 
12.4775 
11.3227 
10.3268 
9.7647 
9.53718 
8.61537 
7.57132 
6.53956 
5.75436 
5.10887 
4.70648 
4.33128 
4.14971 
3.89637 
3.60963 
3.43041 
3.59695 
3.66978 
3.67556 
3.72087 
3.7861 
3.80236 
3.82871 
4.30382 
5.65677 
7.61932 
9.39109 
9.93431 
10.1477 
9.78408 
8.78009 
7.49842 
6.53922 
6.20252 
6.57922 
6.81306 
7.13944 
7.50312 
7.68753 
7.74724 
7.7598 
7.6022 
7.25917 
7.05199 
6.64344 
6.1182 
5.36638 
4.64708 
4.16457 
3.75346 
3.34804 
3.07343 
2.76954 
2.47354 
2.23878 
2.14797 
2.33524 
2.82042 
3.59664 
4.54159 
5.47821 
6.29687 
7.11564 
8.07951 
8.99677 
10.4016 
12.0817 
12.7443 
13.2303 
13.4842 
13.752 
13.9726 
14.5607 
14.5024 
14.6835 
14.8432 
15.0931 
15.4444 
15.9022 
16.6857 
17.8488 
18.508 
18.9407 
18.8262 
18.0418 
16.8482 
15.6009 
14.1605 
12.6335 
11.6139 
12.9571 
14.4957 
15.6684 
16.321 
17.0394 
17.5282 
18.2657 
19.3508 
20.6416 
22.3966 
24.2504 
26.1801 
28.3016 
28.9847 
29.6487 
30.1461 
30.4949 
30.0246 
30.268 
30.4485 
30.374 
30.3748 
30.5934 
30.5133 
30.4133 
29.6428 
28.8231 
28.3994 
28.6447 
30.0682 
32.4439 
35.1404 
38.4124 
42.1448 
46.6879 
51.9748 
57.584 
63.7127 
70.7887 
80.0109 
91.5691 
104.918 
117.582 
129.473 
134.36 
143.878 
144.452 
148.877 
153.074 
158.486 
163.758 
170.516 
177.74 
184.368 
189.304 
191.755 
191.506 
199.44 
212.724 
228.003 
238.541 
252.744 
270.011 
287.483 
300.528 
318.983 
335.101 
354.85 
375.566 
398.269 
403.879 
400.39 
398.208 
400.78 
401.6 
403.901 
402.15 
401.346 
395.889 
388.754 
376.302 
356.478 
335.33 
307.911 
279.264 
247.292 
211.623 
182.924 
158.017 
135.855 
122.527 
111.788 
102.639 
105.565 
108.803 
109.485 
112.426 
110.592 
112.789 
104.908 
104.287 
102.216 
100.937 
95.0988 
94.4384 
93.6499 
95.4464 
97.8985 
102.37 
109.245 
117.661 
127.415 
138.885 
152.705 
166.188 
159.982 
158.18 
158.992 
165.015 
175.17 
212.741 
235.527 
256.53 
271.885 
279.29 
278.078 
260.194 
277.839 
261.111 
252.086 
243.58 
237.569 
232.963 
233.632 
234.291 
240.305 
247.025 
251.85 
256.118 
262.647 
271.289 
284.534 
300.387 
317.202 
331.133 
341.723 
351.132 
357.127 
361.796 
354.934 
348.596 
340.44 
330.582 
322.885 
315.819 
308.308 
300.232 
298.895 
303.883 
313.271 
326.167 
331.256 
338.63 
346.787 
357.643 
361.27 
361.965 
367.634 
376.26 
384.364 
387.705 
379.386 
350.609 
301.818 
237.387 
171.67 
122.389 
94.292 
77.8337 
65.9941 
54.6224 
38.5306 
19.1774 
9.63773 
7.85318 
11.1647 
9.10224 
7.93734 
5.95309 
3.19447 
2.06576 
3.71485 
11.3814 
27.3661 
49.829 
99.9943 
221.411 
419.587 
545.865 
594.433 
602.852 
541.048 
467.044 
399.582 
341.919 
290.789 
245.774 
202.135 
166.665 
138.622 
110.694 
91.3936 
79.086 
68.8805 
61.1049 
54.174 
48.9457 
44.7323 
39.9922 
35.2535 
30.9096 
27.2976 
24.3254 
22.9982 
23.0075 
23.5557 
24.7561 
27.2016 
30.9629 
37.6029 
45.7957 
52.3459 
53.9553 
49.466 
36.1488 
19.8749 
7.56188 
4.30514 
8.93373 
14.2638 
11.1879 
6.53637 
3.54126 
2.69697 
2.67001 
2.52636 
2.0517 
1.85197 
3.06988 
4.41428 
7.52252 
10.4114 
12.19 
11.7611 
10.553 
9.50677 
8.69727 
8.32042 
7.83183 
7.54246 
7.16986 
6.8264 
6.76318 
7.19195 
8.36682 
10.7211 
15.5226 
24.1701 
21.3627 
19.9772 
19.0517 
18.6555 
17.5405 
13.8413 
9.9632 
6.38791 
3.80049 
2.57908 
2.6772 
3.35166 
4.20564 
4.92458 
5.7943 
6.40289 
7.25142 
8.78382 
13.3112 
22.2934 
32.7165 
46.7082 
56.9885 
65.4116 
72.1549 
76.4462 
78.6568 
79.4019 
78.4216 
74.646 
70.745 
67.2629 
63.7916 
70.1252 
75.8871 
81.2616 
87.6274 
90.7067 
93.1584 
96.0236 
98.6523 
101.222 
102.817 
105.307 
107.438 
109.571 
111.571 
113.331 
115.361 
118.257 
119.947 
118.446 
114.229 
106.644 
93.9515 
75.7219 
50.4868 
26.2335 
10.2233 
4.14256 
3.84522 
3.88601 
7.34426 
20.0361 
24.1439 
26.8299 
27.1662 
25.0599 
22.0377 
16.6266 
11.937 
8.27064 
6.12875 
4.46458 
4.40239 
4.4516 
4.64514 
5.5928 
6.49214 
7.48812 
9.14984 
10.5544 
12.1212 
15.607 
19.7942 
25.2949 
33.9249 
45.7316 
61.3322 
82.6574 
107.78 
131.08 
148.273 
159.037 
164.432 
167.865 
167.773 
162.77 
156.24 
141.92 
128.894 
117.212 
111.861 
107.776 
106.43 
99.9653 
83.5164 
60.3607 
44.9243 
41.004 
43.5225 
60.0058 
90.5563 
109.723 
116.158 
115.69 
111.458 
104.259 
95.6586 
85.3654 
73.2669 
59.2385 
44.075 
30.6633 
19.3869 
10.915 
6.23875 
4.11641 
3.8548 
4.45485 
5.41599 
6.67524 
8.13737 
9.57055 
11.1556 
12.9536 
14.2462 
15.5883 
16.7474 
18.0407 
19.9028 
22.4848 
25.9161 
29.3601 
34.4078 
42.0946 
58.7101 
89.7589 
133.171 
157.618 
129.582 
107.333 
83.957 
66.1708 
51.395 
41.6547 
34.325 
30.0791 
31.1352 
31.7045 
32.1804 
32.281 
31.2401 
29.1484 
26.5651 
21.8567 
16.7833 
12.48 
7.81246 
4.7403 
3.40573 
3.66589 
5.14812 
7.15052 
9.38101 
11.1714 
12.6552 
13.6434 
14.0341 
14.3693 
14.6047 
15.1126 
16.028 
17.3605 
18.9569 
20.6141 
22.4959 
23.6026 
25.607 
27.4291 
29.0141 
29.5521 
29.9238 
30.1156 
33.794 
38.6498 
46.8493 
58.2881 
75.8246 
102.271 
133.404 
159.124 
169.341 
166.767 
155.265 
136.206 
116.426 
101.063 
88.5359 
90.7427 
91.4208 
87.4011 
79.2371 
67.7376 
57.2651 
48.9346 
40.6336 
32.3544 
23.5468 
16.0502 
10.1446 
5.78449 
3.44436 
3.2442 
4.7138 
7.00208 
9.20175 
10.5355 
11.1231 
11.1244 
10.8809 
10.5717 
10.4424 
10.5101 
10.1522 
9.85653 
9.34826 
8.36689 
7.52489 
6.87873 
6.39222 
5.6617 
4.81881 
4.23831 
3.99113 
3.83301 
3.62587 
3.49858 
3.41883 
3.35239 
3.33681 
3.4506 
3.89367 
5.19866 
9.59821 
35.9229 
14.3777 
6.30712 
2.93874 
2.94743 
5.80551 
11.3153 
20.5428 
35.0748 
57.9765 
92.6228 
131.895 
116.477 
106.118 
97.0391 
85.2335 
72.1868 
62.9951 
56.6178 
52.9508 
50.4317 
49.0943 
48.1187 
45.8138 
42.6121 
38.2314 
33.0037 
28.4695 
23.9291 
19.93 
16.0207 
12.5085 
10.0405 
7.80054 
7.80297 
7.31355 
6.61534 
5.71395 
5.09824 
4.59743 
4.30011 
4.581 
4.77615 
4.78766 
4.94731 
5.13369 
5.25261 
5.37577 
5.53669 
5.59973 
5.62674 
5.69243 
5.70247 
5.7973 
5.91937 
6.00777 
6.06921 
6.05284 
6.06094 
6.06001 
6.20402 
6.39231 
6.73099 
7.23676 
7.69499 
8.2485 
8.92545 
9.76894 
10.5735 
11.2646 
11.9451 
12.7479 
13.5935 
14.2942 
14.8177 
15.3179 
15.7856 
16.5955 
17.803 
19.1528 
20.5326 
21.9106 
21.2417 
21.5412 
22.39 
23.8843 
26.6981 
30.3026 
34.8123 
37.9883 
39.3486 
38.7958 
35.7107 
32.351 
29.1666 
26.5728 
24.3622 
22.823 
21.9031 
21.9569 
21.3563 
21.0514 
21.4671 
22.1426 
23.6261 
26.3026 
28.2111 
29.7069 
30.402 
30.1317 
29.1775 
28.232 
25.6431 
25.3232 
24.9825 
24.4213 
23.8481 
22.848 
21.9571 
21.1863 
20.606 
19.9561 
19.4568 
20.9503 
22.4058 
24.2652 
26.7053 
29.6028 
32.8593 
36.3936 
39.4878 
42.0504 
44.4436 
47.3638 
51.0168 
54.9297 
58.1379 
59.8664 
59.7436 
55.7024 
48.8443 
43.4437 
43.6212 
48.3779 
59.2655 
73.2107 
85.4346 
96.4154 
105.902 
114 
120.588 
126.578 
132.632 
137.663 
141.069 
141.252 
139.29 
134.22 
126.514 
115.138 
101.291 
86.6132 
73.0574 
61.3244 
52.5955 
46.3298 
42.1708 
38.9699 
36.2488 
35.9801 
35.8048 
34.4097 
33.3017 
32.4662 
32.5048 
32.7745 
33.3192 
33.68 
33.629 
33.786 
34.4156 
35.5235 
36.4381 
37.5394 
39.645 
43.5008 
47.8881 
50.332 
51.7571 
51.2129 
48.885 
46.6836 
45.3617 
44.4794 
44.911 
45.5241 
47.1479 
48.1459 
48.7722 
49.69 
50.4381 
50.9706 
50.605 
49.764 
48.1517 
46.7854 
45.7042 
45.5623 
45.0452 
43.9378 
42.9488 
41.8249 
39.373 
36.713 
34.8164 
31.7141 
28.4942 
26.118 
23.9574 
21.7803 
19.8189 
18.1385 
17.0524 
16.4375 
15.8822 
15.4075 
15.191 
15.4019 
15.7474 
15.8749 
16.2504 
16.7282 
17.0536 
17.7707 
18.471 
18.9639 
19.18 
19.4118 
19.1759 
18.7687 
18.1843 
17.7678 
17.105 
16.4776 
17.1572 
17.9592 
18.517 
18.6868 
18.6809 
19.0021 
19.1201 
18.8416 
18.5945 
17.8313 
17.0844 
16.2706 
15.5802 
15.0553 
15.0286 
15.2587 
15.9352 
17.2343 
18.4778 
19.2062 
19.9651 
20.1195 
19.4457 
18.9006 
18.5195 
17.4993 
17.6643 
16.8456 
13.7473 
10.8023 
8.98052 
7.626 
6.57214 
5.86695 
6.24588 
7.04926 
8.54079 
10.5479 
12.3054 
13.0493 
13.8205 
14.5707 
15.2063 
15.6173 
15.905 
16.2186 
16.7985 
17.3695 
18.0791 
18.8489 
21.017 
23.5568 
27.2 
30.9696 
35.9456 
41.764 
44.9786 
47.1517 
47.7892 
47.075 
46.4708 
45.9291 
45.0832 
44.2649 
44.7586 
47.2523 
56.1429 
72.5093 
94.5399 
111.899 
121.249 
122.719 
117.766 
106.063 
102.855 
96.2524 
90.2291 
85.1638 
78.6044 
72.0333 
66.2146 
60.6833 
55.3719 
50.627 
45.6668 
40.5135 
35.6421 
31.2199 
26.6215 
21.9493 
17.7971 
12.9856 
9.17482 
6.24321 
4.34128 
3.2453 
2.84636 
2.73835 
2.69597 
2.60201 
2.62757 
3.18739 
4.66537 
7.44778 
10.6004 
13.4789 
15.649 
16.0215 
16.0692 
16.7453 
17.625 
15.235 
13.5473 
11.5947 
10.5048 
9.03775 
9.46146 
10.9815 
12.7645 
16.1016 
20.5443 
26.3218 
30.1093 
32.9205 
39.7597 
48.8837 
62.406 
78.907 
97.4237 
116.749 
139.473 
163.21 
166.893 
166.998 
168.204 
169.187 
167.093 
163.945 
163.675 
163.142 
165.812 
165.188 
168.55 
165.797 
162.286 
160.537 
155.174 
151.343 
141.327 
134.484 
124.972 
116.601 
121.302 
128.126 
140.606 
159.208 
181.247 
194.316 
200.723 
201.785 
192.866 
186.481 
186.695 
196.171 
205.363 
209.863 
202.092 
184.998 
173.604 
164.487 
154.473 
146.694 
138.552 
130.933 
124.495 
118.727 
115.088 
109.164 
103.433 
97.9186 
94.4812 
91.5758 
88.0376 
84.6024 
82.5123 
80.7488 
78.9628 
78.0636 
77.3626 
78.1336 
78.2181 
78.3626 
77.9374 
77.0129 
76.0341 
74.836 
73.4236 
71.9099 
69.7333 
67.5683 
64.8015 
61.8373 
57.7864 
53.3686 
48.061 
43.3366 
37.3183 
33.8087 
30.2634 
29.0649 
32.9805 
42.8361 
57.1684 
75.339 
89.0813 
98.5641 
105.718 
110.249 
115.951 
115.661 
112.545 
109.86 
104.116 
99.612 
95.0693 
88.3595 
81.4452 
74.1103 
68.1834 
60.2044 
50.4148 
41.9244 
36.2778 
28.959 
23.21 
18.1477 
13.7573 
11.3083 
8.10052 
6.13945 
5.03491 
4.09001 
3.3938 
2.99349 
2.81278 
2.75241 
2.79377 
2.96913 
3.73088 
5.66694 
8.68869 
12.4111 
17.3122 
22.2135 
26.5239 
31.2336 
35.0996 
36.6241 
39.7961 
41.9245 
41.5529 
36.9169 
34.4372 
32.4325 
29.3615 
29.6374 
33.9067 
47.7852 
80.3428 
119.048 
156.303 
187.236 
212.361 
218.024 
211.012 
201.858 
196.794 
187.652 
179.545 
171.589 
168.38 
165.225 
163.253 
160.083 
156.422 
155.509 
150.688 
147.415 
143.538 
139.895 
135.013 
131.815 
130.467 
128.584 
126.109 
122.514 
119.68 
116.677 
112.633 
108.564 
105.248 
100.966 
98.8448 
95.1641 
92.9769 
89.2226 
86.8027 
84.7064 
82.8283 
80.1165 
77.8484 
76.3272 
74.7744 
72.7745 
71.5765 
71.0056 
70.7464 
70.103 
69.4181 
69.6532 
69.6208 
69.9496 
70.0857 
70.3561 
70.2239 
70.4336 
69.7621 
69.5953 
69.4467 
69.243 
68.85 
68.7429 
68.5215 
68.1974 
68.0566 
68.0077 
67.5564 
67.8051 
67.3194 
67.3222 
66.7605 
66.0148 
65.261 
64.2881 
63.6435 
62.8749 
62.5099 
61.6985 
61.0747 
59.5548 
59.266 
58.7206 
57.8457 
57.1214 
56.6152 
55.4132 
55.1815 
54.4133 
53.4496 
52.5648 
51.2699 
50.9488 
50.1412 
49.2032 
47.8561 
46.5692 
45.119 
43.5197 
41.7924 
40.5229 
39.3119 
38.4024 
36.8012 
35.6657 
34.4386 
32.6655 
31.0991 
29.9107 
29.5739 
27.524 
26.0876 
25.7338 
25.28 
24.7401 
23.3323 
22.3647 
22.1856 
21.7718 
20.6178 
20.5315 
20.9046 
19.86 
19.2798 
18.3686 
18.7888 
18.5832 
18.8135 
19.2064 
18.9979 
18.2965 
19.1673 
18.8446 
19.0396 
18.3441 
17.9154 
18.4553 
18.9704 
19.3056 
19.637 
19.0158 
19.8497 
20.5082 
20.7095 
21.3396 
21.0935 
21.6508 
22.8909 
23.7075 
24.6713 
25.1039 
25.7471 
25.2321 
25.6944 
27.2762 
27.8891 
28.3257 
29.2475 
30.5277 
31.0761 
32.3906 
33.5883 
33.7081 
36.2081 
37.7315 
38.8252 
40.4847 
41.9484 
43.4608 
44.9371 
46.2235 
46.9056 
48.6022 
49.8783 
50.7031 
51.5796 
53.0422 
53.8492 
54.8092 
55.8662 
56.3451 
57.1106 
57.6898 
58.3932 
58.3923 
58.9515 
59.9193 
60.3002 
60.9568 
61.5152 
61.6559 
62.5955 
63.0277 
63.7036 
64.181 
64.6169 
64.8011 
65.5843 
66.2252 
66.5713 
67.1037 
67.8911 
68.408 
68.5999 
68.988 
69.4869 
70.3011 
70.3011 
70.2747 
70.554 
70.8217 
71.4038 
71.4043 
70.9233 
70.5785 
70.4969 
69.7965 
69.6749 
68.9205 
68.4437 
67.1924 
65.6739 
64.7254 
63.5006 
61.3974 
59.6141 
57.3836 
55.6809 
52.8761 
51.3249 
48.9343 
46.7006 
44.1334 
41.9597 
39.6536 
37.6649 
35.2987 
33.321 
30.7625 
28.4544 
25.7166 
23.1146 
20.0235 
19.3786 
17.5645 
16.625 
14.9627 
13.4657 
13.391 
12.7802 
11.5632 
10.7479 
10.3725 
10.8127 
10.6794 
10.3566 
10.8091 
10.6667 
10.5951 
10.7296 
11.2083 
11.7038 
12.4085 
12.6888 
13.8218 
14.9885 
16.4011 
18.1391 
18.8084 
20.499 
20.86 
22.6856 
23.9989 
26.6555 
27.4879 
28.9733 
31.0739 
33.2936 
35.7413 
37.7678 
40.7327 
42.1425 
44.08 
47.0776 
49.0467 
50.6508 
52.1786 
54.1284 
56.0401 
58.0404 
60.332 
61.6538 
62.5952 
62.8389 
63.6538 
63.9379 
65.2433 
64.5008 
64.6483 
65.3655 
65.3491 
65.9548 
66.4147 
65.7841 
65.302 
64.2585 
63.2876 
62.8588 
62.5722 
61.9413 
61.4877 
61.5413 
60.8612 
60.9251 
60.4491 
60.1301 
59.3858 
58.4678 
58.3046 
57.5432 
57.3369 
56.8826 
56.2106 
55.7724 
55.2192 
54.9564 
54.5777 
54.5338 
54.7247 
55.2038 
55.7858 
55.463 
55.4962 
55.8707 
56.3049 
56.2594 
56.3688 
56.6582 
56.6647 
57.2366 
57.2558 
57.4861 
57.4527 
57.0941 
57.5799 
57.1482 
56.4694 
56.1759 
55.124 
55.035 
55.3109 
55.0164 
54.8166 
54.6404 
53.9826 
53.2996 
51.5622 
50.9215 
50.1632 
48.8284 
47.6725 
46.5954 
44.7589 
42.4976 
42.0656 
39.9409 
37.4416 
36.7648 
35.4145 
32.6912 
31.607 
29.5708 
27.3821 
27.0618 
25.8346 
24.4579 
23.3878 
22.1885 
21.2835 
19.4883 
18.3716 
17.8329 
17.0662 
16.102 
15.5915 
15.2274 
14.1236 
13.4246 
13.1003 
13.1579 
12.8572 
12.7636 
12.9967 
12.4247 
12.6464 
13.4147 
14.1107 
13.7881 
13.7479 
14.4646 
14.6427 
16.0047 
16.2577 
17.8213 
18.498 
19.405 
20.9176 
22.1515 
25.2333 
27.1357 
29.6396 
30.7694 
32.6253 
34.164 
35.3925 
38.36 
41.2109 
43.8609 
44.9538 
47.5564 
48.9555 
50.6083 
52.3432 
54.6383 
56.5523 
57.7082 
58.4672 
59.6128 
61.1707 
61.7079 
62.6971 
63.404 
63.7304 
64.3738 
64.9175 
65.5365 
66.2635 
66.6385 
66.5165 
66.2026 
66.1224 
66.2537 
65.4884 
65.7794 
65.7886 
65.442 
65.9433 
66.2064 
66.3315 
65.7012 
65.9536 
65.5552 
65.3099 
65.3831 
65.201 
64.8878 
65.1579 
64.7238 
64.6735 
64.6626 
64.49 
64.4562 
63.566 
62.4084 
61.8609 
61.3068 
61.1894 
60.6366 
59.4144 
58.0635 
57.449 
56.8091 
55.596 
54.6999 
54.1358 
53.776 
52.9877 
50.7089 
49.5515 
47.9068 
46.5358 
44.1973 
42.7749 
41.5896 
40.1837 
39.0638 
38.1883 
37.0356 
36.0947 
34.5326 
34.1737 
31.8292 
30.9652 
28.5249 
27.9944 
26.9758 
25.4964 
24.0655 
23.0892 
22.2376 
23.0632 
21.7548 
21.5302 
21.7703 
21.4297 
22.2452 
22.7038 
24.3589 
26.0073 
27.5864 
29.498 
31.3331 
34.4301 
36.4587 
37.9836 
41.0946 
44.9496 
47.9755 
53.1045 
56.3794 
58.9842 
61.3822 
62.7014 
64.1878 
66.3865 
67.6478 
69.0822 
72.2126 
73.6427 
75.9554 
77.5691 
78.4783 
78.4611 
78.3285 
77.6638 
76.7867 
76.1307 
75.669 
74.5413 
74.7637 
73.8416 
73.6862 
73.7673 
73.2289 
72.0879 
69.9608 
68.275 
67.5098 
66.5516 
65.3903 
64.906 
64.0661 
63.5491 
63.5442 
63.4698 
61.8977 
61.3789 
60.8938 
60.1264 
58.7808 
58.3278 
57.5394 
57.3608 
56.7123 
56.3533 
55.5932 
54.7739 
54.9813 
54.1158 
52.393 
51.4591 
50.3443 
48.2999 
46.5708 
45.0066 
43.7154 
43.2156 
43.68 
43.4578 
44.424 
44.5759 
45.4714 
46.5105 
46.6807 
47.5585 
47.6114 
48.0545 
48.6861 
49.233 
50.4054 
51.0542 
50.9787 
51.3683 
51.8363 
51.639 
52.0018 
52.2714 
52.0529 
51.7652 
51.3763 
50.8373 
49.908 
48.4721 
47.6151 
46.5455 
45.5084 
44.3906 
42.4113 
40.7093 
38.3575 
37.3713 
34.8896 
32.5675 
30.3243 
27.6602 
26.3836 
25.6416 
25.0153 
23.772 
22.4242 
21.968 
21.2792 
21.7448 
20.7988 
19.9562 
20.3104 
19.7583 
18.8375 
17.5403 
16.8236 
16.219 
15.4248 
15.1995 
13.999 
13.8091 
13.4722 
13.5681 
13.4453 
14.8282 
15.445 
15.9246 
16.8798 
17.228 
18.176 
18.6801 
19.5327 
20.3526 
21.5159 
21.9719 
23.0902 
25.1406 
27.0382 
30.1725 
31.6522 
34.1812 
36.8706 
39.3583 
40.2337 
43.6425 
46.949 
50.3412 
52.6792 
54.4202 
56.4541 
58.4998 
60.3632 
62.9978 
63.6524 
64.2777 
65.0227 
66.7598 
67.8061 
68.0754 
67.9806 
67.541 
66.3747 
65.2308 
64.2443 
64.5564 
64.4534 
64.4846 
63.8917 
63.2814 
62.6551 
61.8244 
62.1688 
63.0945 
63.7619 
64.5634 
64.1738 
64.4545 
63.7421 
62.3815 
61.0514 
59.5634 
58.4632 
58.3377 
58.7666 
58.2414 
57.5577 
57.1246 
56.2175 
55.602 
55.7186 
54.6393 
54.7234 
54.1146 
53.7874 
53.6664 
53.5036 
52.4862 
51.8198 
52.0234 
51.8894 
51.5286 
50.4223 
49.3343 
48.5436 
48.4052 
47.7998 
47.0247 
46.7638 
46.6525 
46.7296 
45.4707 
44.8085 
44.1303 
42.9685 
41.2944 
40.4423 
38.9862 
38.1191 
37.1729 
35.5071 
34.2031 
34.0434 
33.4412 
31.7867 
30.1993 
28.9298 
28.6888 
28.8635 
27.2113 
26.0471 
26.7151 
27.1288 
27.7741 
28.6824 
30.4556 
31.8868 
34.2545 
36.887 
38.0052 
39.1214 
41.0115 
43.4312 
44.2226 
45.2631 
46.3581 
45.4638 
47.328 
47.7514 
49.8517 
51.1524 
53.6944 
55.5414 
56.714 
57.512 
58.0998 
58.0615 
57.3183 
56.6601 
54.6888 
53.1778 
50.5535 
48.9294 
47.6529 
47.6623 
46.0081 
45.6864 
45.9239 
45.744 
43.1467 
41.7081 
40.1795 
39.0697 
38.5862 
38.8737 
38.5994 
38.3812 
37.877 
37.9334 
37.914 
38.6626 
38.7532 
39.3496 
40.0744 
40.5908 
40.9137 
41.4539 
42.8951 
42.926 
43.08 
43.505 
43.331 
42.9796 
41.3888 
39.6934 
38.4481 
40.474 
41.9405 
45.4475 
47.7365 
50.0553 
52.9889 
54.7491 
57.8956 
60.0914 
61.5849 
63.5847 
65.2525 
67.2348 
68.3073 
70.6027 
71.945 
72.0778 
72.6653 
73.8729 
74.5802 
75.1742 
75.8332 
75.9076 
76.6905 
77.8889 
78.8108 
78.9812 
79.0489 
79.4463 
79.2079 
79.2605 
78.9068 
77.9628 
76.5915 
75.6251 
73.3482 
71.5951 
70.332 
68.7224 
67.3967 
63.3831 
58.9699 
54.2602 
50.3375 
46.5967 
42.9654 
38.034 
34.6327 
31.1762 
27.3305 
23.5578 
19.7005 
17.6209 
15.2188 
13.1431 
11.1914 
9.99368 
9.02081 
8.21985 
7.49476 
6.58884 
6.49031 
6.16943 
5.85849 
5.78925 
5.74463 
5.48179 
5.53199 
5.45228 
5.53846 
5.35289 
5.31334 
5.645 
5.70947 
5.76399 
5.91823 
6.10488 
6.21993 
6.45805 
7.17029 
7.63963 
8.7344 
9.86049 
10.9899 
12.4878 
14.0665 
15.7328 
17.6632 
19.6215 
21.8601 
24.1979 
28.27 
31.36 
33.9299 
38.5657 
42.8825 
45.2194 
49.0711 
54.3539 
58.6375 
60.9933 
64.963 
69.5952 
71.9186 
73.6932 
75.3237 
77.4673 
78.627 
79.0431 
78.8569 
78.0189 
77.9488 
75.855 
74.2777 
72.6083 
70.2973 
68.0983 
66.7159 
63.9046 
61.776 
59.2581 
57.4815 
54.9843 
52.4192 
49.4463 
47.1368 
44.7931 
42.8943 
40.8663 
39.8828 
38.014 
36.4734 
35.2165 
34.3049 
33.1016 
30.6372 
28.0896 
25.6501 
22.9841 
20.668 
19.5881 
18.6781 
17.7486 
17.2616 
17.0809 
18.1637 
18.2072 
18.7518 
20.0356 
20.8247 
20.9816 
21.8584 
23.1422 
25.3351 
26.7248 
28.7098 
31.4624 
33.5563 
36.4416 
38.4286 
40.4523 
41.589 
43.3712 
46.2928 
47.6148 
48.4684 
49.8445 
51.8665 
51.4743 
47.4129 
43.1281 
39.5427 
35.2538 
32.2808 
28.3056 
24.2833 
19.4962 
15.6566 
12.5091 
9.8969 
7.67666 
6.00961 
5.34873 
4.50346 
3.99949 
3.71283 
3.54178 
3.31241 
3.16696 
3.15227 
3.14934 
3.17985 
3.23127 
3.25265 
3.33169 
3.22551 
3.09718 
3.04906 
3.07455 
3.01555 
2.97863 
2.96671 
3.07822 
3.17647 
3.24895 
3.48248 
3.8533 
4.03491 
4.48086 
3.22294 
