2.69347
 944.212
 905.679
 875.684
 850.051
 829.377
 810.941
 798.251
 787.021
 780.154
 780.042
 790.509
 802.11
 812.473
 817.976
 788.012
 756.323
 727.045
 698.976
 672.992
 636.759
 596.166
 547.493
 489.344
 446.052
 399.524
 360.126
 324.993
 294.062
 266.268
 242.81
 221.231
 204.088
 186.081
 167.564
 148.696
 129.114
 108.648
 88.0438
 68.2235
 50.7186
 36.1635
 25.1688
 17.0245
 11.6095
 7.94658
 5.55304
 4.62061
 4.69963
 5.16145
 5.58315
 6.00954
 6.55898
 7.17199
 7.84368
 8.51468
 8.9574
 9.14979
 9.04397
 8.27536
 6.81098
 5.20217
 3.89342
 3.72556
 5.3586
 10.4097
 22.8412
 48.6344
 91.0182
 141.2
 195.563
 187.716
 181.579
 168.792
 151.296
 130.534
 108.14
 83.1843
 92.0183
 98.4579
 103.998
 107.543
 111.354
 114.222
 115.841
 116.599
 116.555
 116.669
 115.424
 114.21
 112.339
 110.607
 110.298
 110.246
 109.869
 110.156
 110.481
 111.393
 112.823
 114.793
 117.747
 121.329
 125.348
 130.726
 136.723
 141.691
 145.93
 150.569
 155.334
 159.232
 162.343
 167.33
 171.025
 171.833
 170.019
 167.165
 164.92
 168.459
 175.813
 182.651
 184.579
 187.354
 190.016
 192.019
 193.611
 193.999
 195.239
 197.461
 193.424
 187.922
 182.466
 176.983
 171.485
 165.816
 160.442
 156.799
 153.887
 149.142
 145.355
 140.586
 134.826
 129.358
 124.736
 119.977
 115.307
 110.803
 105.865
 101.465
 95.7522
 91.0546
 87.3412
 82.5305
 78.3147
 74.3474
 70.5491
 66.9383
 63.4096
 59.9773
 56.9113
 54.2831
 52.0078
 49.1961
 47.5428
 45.1733
 43.0308
 41.8562
 40.4078
 39.9257
 40.1918
 41.7217
 43.945
 47.4566
 53.7018
 61.5583
 71.2258
 83.9118
 96.8867
 113.232
 130.806
 149.397
 168.162
 187.962
 207.423
 226.22
 244.802
 262.487
 279.273
 295.896
 313.757
 335.522
 360.549
 385.254
 413.43
 442.875
 473.666
 509.725
 547.193
 587.106
 625.571
 651.567
 676.871
 703.921
 717.929
 719.816
 720.073
 722.94
 726.858
 727.255
 726.097
 726.808
 725.616
 722.179
 719.564
 717.233
 711.177
 705.98
 701.06
 696.008
 687.882
 680.483
 672.975
 667.361
 662.07
 655.529
 650.293
 645.657
 642.656
 637.626
 630.908
 625.913
 618.847
 611.751
 606.931
 602.653
 596.606
 591.764
 586.082
 578.686
 570.586
 560.681
 548.222
 533.347
 518.361
 501.302
 484.021
 465.137
 445.732
 426.905
 408.698
 391.349
 374.436
 357.196
 342.059
 326.558
 310.075
 295.47
 280.033
 264.451
 247.989
 232.079
 216.554
 200.92
 185.537
 171.097
 157.488
 144.623
 132.761
 121.728
 111.754
 102.621
 93.967
 86.1424
 79.1757
 72.9633
 67.1385
 62.0725
 57.2715
 53.0984
 49.0557
 45.5795
 42.2956
 39.4175
 36.8815
 34.6411
 32.574
 30.7116
 29.0539
 27.6419
 26.4009
 25.1634
 24.1937
 23.2359
 22.4164
 21.5997
 20.8684
 20.2097
 19.6536
 19.1199
 18.6171
 18.1103
 17.7421
 17.3558
 17.0094
 16.7354
 16.4386
 16.1508
 15.951
 15.7652
 15.6093
 15.4798
 15.3889
 15.3484
 15.3594
 15.4026
 15.4487
 15.5475
 15.6425
 15.7932
 15.9402
 16.1172
 16.311
 16.4872
 16.7181
 16.9633
 17.2387
 17.5431
 17.8645
 18.2443
 18.6972
 19.1168
 19.5597
 20.1087
 20.7332
 21.376
 22.0242
 22.7114
 23.4145
 24.1863
 24.973
 25.8414
 26.774
 27.8003
 28.8886
 29.9573
 31.0854
 32.4208
 33.747
 35.1505
 36.7058
 38.2605
 39.9642
 41.8264
 43.6993
 45.8075
 47.9664
 50.3387
 52.7612
 55.3203
 58.2111
 61.1271
 64.2806
 67.5156
 70.971
 74.4277
 78.3692
 82.5644
 86.795
 91.2814
 96.2361
 101.248
 106.809
 112.284
 118.1
 124.65
 131.054
 138.291
 145.822
 153.833
 162.094
 171.01
 180.258
 190.04
 200.184
 210.837
 222.807
 234.014
 245.64
 258.705
 271.801
 285.996
 300.435
 315.121
 331.319
 348.507
 366.21
 384.498
 403.017
 421.797
 443.123
 463.271
 485.725
 507.952
 530.997
 556.218
 581.39
 595.199
 595.285
 595.605
 596.588
 599.119
 597.633
 600
 599.498
 599.45
 599.987
 600.689
 602.551
 603.246
 603.851
 603.122
 604.323
 603.69
 605.745
 608.362
 608.166
 610.164
 611.697
 612.513
 613.041
 613.707
 614.617
 616.066
 617.595
 619.787
 621.495
 623.658
 623.982
 624.777
 626.05
 628.166
 631.114
 632.716
 634.653
 636.713
 638.659
 639.815
 638.706
 639.474
 639.97
 641.104
 641.392
 641.238
 641.568
 642.688
 643.393
 643.308
 641.354
 639.298
 638.795
 637.541
 637.854
 636.401
 635.268
 633.925
 633.38
 631.774
 630.624
 629.708
 627.993
 625.9
 625.505
 623.99
 624.323
 624.986
 624.268
 625.444
 623.324
 622.004
 620.41
 619.232
 618.916
 618.474
 618.1
 618.219
 617.007
 616.69
 615.221
 613.465
 613.862
 613.968
 613.487
 612.658
 612.532
 611.527
 610.716
 611.267
 611.193
 611.327
 610.482
 609.153
 608.421
 607.634
 608.294
 607.455
 607.668
 605.632
 604.756
 604.67
 605.223
 603.616
 604.424
 604.392
 602.867
 601.494
 600.09
 600.947
 599.309
 598.529
 598.81
 598.519
 596.881
 596.106
 597.58
 595.597
 594.935
 594.056
 592.323
 592.168
 591.05
 591.27
 591.732
 591.292
 591.86
 594.074
 593.306
 593.904
 594.626
 595.272
 596.147
 594.562
 596.576
 595.55
 594.623
 595.079
 594.891
 594.308
 594.512
 595.69
 596.719
 598.105
 597.337
 598.207
 597.662
 597.915
 597.59
 599.098
 598.78
 599.501
 600.474
 599.575
 597.448
 597.567
 597.356
 598.198
 597.811
 598.159
 598.1
 598.853
 599.436
 600.24
 601.643
 599.802
 599.64
 600.42
 601.605
 603.429
 602.473
 602.56
 603.351
 605.2
 606.953
 606.871
 607.493
 607.333
 608.528
 607.547
 609.158
 609.281
 609.229
 608.346
 609.574
 609.627
 609.034
 609.369
 608.571
 608.931
 610.911
 612.023
 611.376
 613.037
 613.414
 612.255
 612.786
 613.962
 615.329
 614.563
 614.305
 614.915
 614.531
 615.957
 615.754
 615.945
 616.265
 613.931
 613.319
 613.258
 612.47
 614.928
 616.346
 618.151
 619.756
 619.707
 619.076
 618.882
 617.524
 617.441
 617.208
 615.79
 615.179
 616.925
 615.879
 614.632
 612.565
 612.076
 610.936
 610.855
 610.939
 608.883
 609.197
 607.065
 606.483
 606.406
 605.977
 605.972
 606.874
 604.986
 606.525
 606.021
 606.507
 606.533
 606.872
 607.322
 606.964
 607.938
 606.587
 606.575
 607.318
 605.502
 604.592
 602.817
 602.273
 601.41
 601.764
 600.518
 599.262
 597.87
 599.166
 598.606
 598.032
 598.306
 598.495
 597.267
 596.622
 597.139
 596.841
 596.73
 595.557
 596.337
 595.76
 594.883
 594.03
 592.472
 593.465
 594.054
 592.966
 592.938
 592.209
 591.428
 591.362
 590.644
 589.067
 588.13
 587.718
 587.521
 586.894
 585.672
 585.894
 585.121
 585.249
 585.932
 586.9
 586.573
 586.644
 587.481
 588.229
 589.032
 587.654
 588.666
 590.178
 588.84
 589.245
 589.65
 589.97
 589.272
 591.209
 591.427
 593.332
 592.314
 593.423
 593.943
 595.13
 597.348
 598.238
 596.885
 598.223
 600.046
 601.343
 601.936
 602.101
 602.421
 603.716
 603.752
 603.666
 604.155
 603.938
 603.623
 605.677
 606.631
 608.295
 609.646
 611.7
 610.752
 610.713
 610.472
 610.17
 612.361
 612.145
 612.844
 612.176
 611.357
 613.219
 611.176
 612.549
 611.483
 613.56
 612.459
 612.616
 611.981
 611.548
 612.382
 612.001
 612.819
 612.658
 612.528
 613.383
 612.847
 612.849
 614.25
 613.328
 613.036
 612.987
 612.792
 613.361
 612.514
 612.362
 611.938
 611.988
 610.388
 611.836
 610.906
 611.108
 610.615
 610.508
 610.124
 610.284
 610.986
 611.552
 611.972
 611.248
 611.129
 611.471
 612.429
 612.51
 612.099
 612.36
 612.962
 612.501
 612.88
 613.07
 612.953
 611.525
 611.395
 609.902
 609.82
 609.393
 608.548
 608.603
 607.117
 606.316
 605.527
 603.821
 603.675
 604.189
 604.828
 605.628
 604.067
 603.92
 603.269
 601.479
 601.248
 600.327
 598.991
 598.241
 597.602
 599.162
 598.415
 597.148
 598.03
 599.094
 596.932
 595.583
 596.014
 594.787
 594.701
 593.516
 592.703
 593.945
 593.395
 593.523
 593.639
 593.772
 593.072
 592.411
 592.541
 591.332
 590.492
 592.037
 591.599
 591.328
 590.197
 589.418
 589.769
 589.119
 588.733
 588.983
 589.577
 589.503
 589.135
 588.688
 589.113
 588.947
 587.952
 588.507
 587.282
 586.515
 584.748
 584.004
 583.858
 582.929
 583.688
 585.601
 587.05
 587.246
 589.071
 588.65
 588.826
 589.939
 589.863
 589.649
 589.121
 590.974
 590.704
 591.965
 592.468
 592.285
 593.807
 595.166
 596.173
 598.7
 599.416
 599.073
 599.767
 601.397
 601.286
 600.216
 602.381
 603.771
 604.828
 605.166
 605.889
 606.712
 606.226
 607.024
 607.983
 608.317
 608.627
 608.101
 608.821
 609.772
 609.986
 608.967
 609.822
 610.566
 610.959
 609.869
 608.357
 608.721
 610.139
 612.264
 612.137
 611.27
 613.464
 611.67
 611.241
 612.006
 611.935
 611.985
 611.642
 611.508
 612.545
 611.205
 611.913
 610.469
 609.864
 610.912
 610.845
 611.178
 611.992
 611.162
 611.984
 611.766
 611.404
 609.707
 608.826
 609.33
 609.389
 608.37
 608.467
 608.543
 609.227
 608.797
 607.244
 606.736
 607.063
 606.163
 606.659
 605.512
 605.593
 604.133
 603.178
 601.549
 599.711
 598.743
 598.106
 599.065
 599.421
 598.067
 596.7
 595.515
 596.705
 596.829
 596.985
 596.642
 596.159
 595.035
 594.955
 596.13
 595.459
 595.336
 595.77
 594.578
 594.175
 593.434
 593.307
 593.723
 590.404
 590.457
 588.335
 588.098
 587.044
 586.971
 586.951
 586.75
 586.079
 586.202
 584.124
 582.68
 582.197
 583.724
 582.613
 583.197
 583.161
 583.757
 583.22
 582.299
 582.955
 581.382
 580.284
 578.339
 577.991
 577.49
 578.251
 577.182
 577.926
 579.148
 579.983
 581.415
 580.421
 580.398
 580.685
 579.815
 578.716
 580.199
 580.009
 579.233
 579.673
 580.846
 581.337
 582.663
 583.864
 585.083
 586.689
 588.343
 588.239
 590.607
 592.249
 593.362
 594.461
 596.116
 597.134
 596.699
 597.769
 599.552
 599.449
 600.719
 601.28
 603.415
 603.996
 605.538
 604.086
 604.434
 604.698
 605.562
 605.608
 606.742
 606.777
 607.746
 608.102
 609.118
 611.063
 611.332
 611.387
 609.933
 609.448
 608.728
 607.272
 608.01
 607.907
 607.601
 607.907
 609.244
 609.071
 609.023
 608.423
 608.753
 608.554
 609.131
 609.062
 611.545
 612.394
 611.414
 611.869
 610.922
 609.583
 610.544
 610.322
 612.578
 612.726
 612.725
 614.263
 613.89
 613.33
 613.233
 612.564
 613.058
 613.506
 614.395
 614.289
 614.428
 613.627
 613.009
 612.442
 612.488
 611.98
 611.945
 612.263
 610.958
 610.65
 611.022
 609.779
 610.454
 609.396
 608.275
 608.325
 608.683
 608.897
 607.933
 607.653
 606.888
 606.758
 605.94
 604.329
 602.988
 604.195
 602.905
 601.953
 600.875
 600.847
 600.487
 598.686
 597.998
 596.962
 596.178
 594.952
 595.281
 594.193
 593.824
 592.878
 592.615
 590.766
 590.435
 588.846
 589.313
 588.494
 587.36
 586.023
 585.35
 584.397
 582.953
 583.462
 584.309
 584.415
 585.437
 585.941
 586.878
 587.706
 586.629
 586.204
 584.822
 584.677
 583.602
 583.705
 583.148
 582.429
 581.076
 582.496
 581.222
 581.425
 582.636
 583.381
 584.533
 584.488
 584.658
 584.62
 585.238
 585.652
 584.728
 583.712
 584.964
 584.592
 584.314
 585.258
 585.958
 585.546
 586.706
 586.044
 586.078
 586.375
 586.169
 586.567
 585.504
 585.709
 586.023
 587.461
 587.806
 587.631
 586.571
 588.09
 587.985
 590.033
 591.549
 591.851
 593.719
 592.908
 594.82
 595.99
 595.392
 598.097
 599.262
 600.643
 601.485
 601.446
 601.596
 603.119
 604.3
 604.895
 606.231
 607.819
 610.422
 610.804
 613.586
 612.282
 613.184
 613.627
 613.087
 611.964
 615.237
 615.282
 615.006
 614.553
 614.368
 613.426
 614.345
 612.531
 612.888
 613.444
 613.899
 614.794
 615.631
 616.748
 616.972
 615.592
 617.056
 615.79
 616.059
 614.704
 614.49
 615.98
 614.522
 615.076
 615.457
 614.446
 613.838
 612.331
 611.102
 611.433
 610.447
 610.877
 609.601
 608.721
 607.294
 605.863
 606.181
 605.8
 605.887
 606.106
 605.067
 604.926
 605.19
 605.047
 603.251
 603.285
 602.674
 600.1
 599.223
 599.271
 600.196
 598.64
 596.712
 595.868
 595.049
 595.145
 595.261
 594.624
 594.96
 595.291
 595.017
 594.266
 593.717
 592.372
 592.23
 590.751
 590.567
 590.757
 590.826
 590.139
 590.352
 589.006
 588.737
 588.921
 588.675
 586.654
 584.64
 585.884
 584.461
 584.867
 585.333
 586.968
 586.311
 586.849
 584.623
 584.987
 584.163
 582.699
 581.91
 582.257
 583.032
 583.352
 581.632
 581.715
 580.753
 580.374
 580.418
 580.137
 582.738
 581.471
 581.812
 581.5
 581.935
 580.775
 581.572
 581.419
 582.437
 582.869
 582.212
 583.856
 585.201
 585.809
 586.032
 584.589
 584.573
 583.854
 585.459
 586.06
 585.375
 585.475
 584.785
 586.499
 588.062
 588.233
 587.45
 586.432
 586.396
 587.88
 588.471
 590.861
 590.478
 591.622
 593.386
 595.806
 596.005
 597.91
 598.45
 599.611
 600.785
 602.451
 602.752
 603.533
 603.716
 603.708
 603.925
 604.192
 604.224
 605.426
 606.13
 606.863
 608.22
 607.909
 608.585
 608.603
 607.695
 609.238
 611.164
 611.018
 612.49
 612.221
 612.389
 613.856
 614.383
 613.65
 614.008
 613.992
 614.379
 614.635
 614.711
 615.005
 615.499
 615.149
 615.82
 614.123
 614.124
 613.389
 612.536
 612.399
 613.512
 613.219
 612.456
 613.131
 612.494
 612.694
 611.685
 611.436
 610.831
 609.546
 610.176
 610.389
 609.401
 609.659
 608.248
 607.253
 606.673
 604.607
 602.554
 602.79
 602.284
 601.561
 601.305
 601.888
 600.464
 599.54
 600.258
 600.599
 600.616
 599.958
 598.122
 598.742
 597.503
 598.363
 597.5
 598.146
 598.512
 598.476
 600.268
 598.343
 598.029
 596.942
 597.176
 597.145
 597.311
 595.324
 593.064
 593.845
 593.967
 593.95
 592.748
 592.441
 591.904
 591.914
 591.89
 591.355
 589.107
 588.659
 589.382
 588.034
 587.082
 586.493
 586.481
 584.549
 584.632
 583.172
 581.469
 579.703
 580.586
 580.877
 579.145
 579.682
 579.074
 579.007
 579.852
 579.35
 578.723
 578.369
 578.262
 577.313
 576.339
 576.386
 577.007
 577.549
 575.9
 577.409
 578.971
 578.57
 579.426
 581.511
 582.579
 584.64
 583.954
 584.545
 585.543
 587.668
 587.934
 587.289
 588.018
 588.269
 589.7
 590.666
 590.369
 590.991
 592.957
 593.923
 596.402
 596.844
 597.759
 599.746
 599.443
 601.019
 601.62
 603.976
 603.874
 604.427
 606.032
 606.146
 608.244
 610.811
 613.038
 614.886
 615.419
 615.897
 617.46
 617.315
 619.084
 619.296
 619.835
 617.824
 618.75
 619.989
 619.528
 619.171
 618.867
 618.543
 617.442
 616.096
 616.786
 615.207
 615.187
 616.517
 617.11
 616.359
 614.958
 615.137
 616.091
 613.174
 614.039
 613.958
 614.184
 612.731
 613.286
 611.025
 611.487
 611.247
 610.12
 610.24
 609.233
 609.813
 609.054
 608.734
 608.112
 609.58
 609.427
 610.821
 610.738
 611.1
 611.592
 610.461
 611.174
 609.921
 610.355
 610.965
 610.415
 609.68
 609.929
 609.954
 610.356
 608.524
 607.987
 608.802
 608.286
 607.277
 606.751
 606.083
 605.695
 605.631
 604.833
 604.393
 604.159
 603.224
 602.646
 602.244
 601.339
 599.895
 597.968
 595.683
 595.266
 593.902
 592.095
 591.31
 590.615
 591.648
 592.845
 592.076
 591.932
 592.094
 591.364
 590.078
 588.361
 588.83
 586.993
 585.635
 586.116
 586.824
 585.442
 586.705
 585.554
 585.397
 584.734
 584.981
 585.632
 586.259
 586.695
 586.268
 586.03
 586.064
 585.655
 585.623
 584.161
 585.205
 585.756
 585.227
 584.533
 585.027
 586.288
 585.641
 584.797
 585.09
 586.445
 585.283
 586.082
 587.493
 588.069
 587.62
 587.444
 587.345
 587.741
 588.779
 589.967
 591.077
 589.777
 592.519
 594.279
 595.231
 596.219
 596.845
 595.759
 596.549
 597.497
 597.411
 596.033
 596.882
 598.086
 598.948
 598.57
 598.727
 599.689
 598.018
 598.783
 601.587
 602.213
 601.786
 603.768
 603.469
 604.413
 604.666
 605.605
 607.058
 607.538
 609.17
 609.529
 610.371
 611.622
 610.598
 610.033
 608.444
 607.954
 607.636
 607.365
 607.996
 608.168
 607.729
 609.046
 608.837
 609.021
 607.952
 607.374
 609.12
 608.783
 608.069
 608.654
 608.633
 609.232
 609.05
 610.296
 610.048
 608.548
 607.231
 606.707
 606.932
 607.986
 606.295
 605.801
 607.991
 607.578
 607.64
 606.918
 606.84
 606.626
 607.957
 607.007
 606.633
 605.269
 604.433
 602.706
 604.182
 605.031
 603.622
 603.435
 602.536
 603.395
 602.76
 601.258
 600.399
 598.637
 599.277
 598.35
 598.422
 596.316
 596.355
 595.11
 594.459
 593.567
 593.218
 594.249
 594.445
 593.573
 593.094
 591.99
 591.478
 590.27
 590.629
 590.139
 589.11
 588.245
 588.327
 587.727
 585.644
 585.108
 585.121
 583.789
 583.648
 583.513
 583.208
 583.444
 582.958
 583.393
 582.929
 581.517
 582.569
 582.298
 582.78
 582.982
 583.441
 582.591
 582.696
 582.231
 582.737
 581.605
 583.57
 583.063
 582.527
 581.881
 582.866
 583.62
 584.21
 584.761
 583.769
 583.121
 584.505
 585.28
 585.121
 585.512
 586.509
 586.217
 587.168
 586.627
 587.957
 587.335
 586.576
 586.931
 588.918
 590.482
 590.332
 591.055
 591.754
 593.778
 592.209
 591.629
 593.235
 594.31
 594.732
 595.899
 597.447
 599.038
 600.959
 601.642
 601.11
 602.35
 603.596
 603.81
 602.441
 603.983
 605.07
 606.154
 607.668
 610.039
 612.046
 610.661
 610.856
 610.651
 611.205
 610.252
 611.632
 611.476
 611.114
 612.931
 613.615
 614.99
 615.721
 614.587
 614.184
 614.491
 614.296
 615.454
 615.123
 614.384
 613.152
 612.286
 613.191
 612.552
 612.978
 612.738
 613.13
 611.721
 610.454
 609.212
 608.871
 607.237
 606.075
 605.426
 604.597
 603.491
 603.593
 604.153
 604.649
 604.581
 603.892
 602.6
 602.328
 601.285
 600.452
 599.595
 601.015
 600.466
 600.809
 600.989
 600.417
 602.319
 600.311
 599.441
 598.22
 597.486
 598.431
 599.017
 598.014
 597.15
 597.001
 596.624
 596.224
 597.699
 596.527
 596.599
 595.189
 595.242
 594.47
 594.806
 594.312
 594.191
 595.174
 594.041
 592.109
 590.918
 588.99
 587.413
 587.465
 588.067
 586.796
 586.038
 587.317
 585.779
 586.504
 586.291
 585.468
 585.574
 585.674
 585.373
 585.205
 585.179
 584.701
 583.184
 582.58
 582.786
 581.832
 579.972
 579.266
 579.157
 579.83
 579.289
 579.898
 579.357
 578.32
 577.378
 577.002
 576.042
 575.443
 575.921
 576.006
 577.112
 577.479
 578.26
 578.097
 579.667
 578.699
 579.497
 580.778
 580.715
 580.406
 581.786
 581.033
 582.029
 583.301
 585.09
 586.897
 586.399
 588.265
 589.819
 590.012
 590.758
 593.403
 595.874
 597.186
 598.518
 600.813
 602.002
 603.248
 604.287
 603.946
 602.768
 603.818
 603.808
 606.028
 607.006
 608.427
 608.74
 611.735
 611.879
 610.399
 611.704
 612.41
 612.543
 612.28
 612.42
 611.988
 612.006
 613.367
 613.183
 612.107
 613.229
 614.555
 612.183
 611.476
 612.054
 612.617
 611.572
 611.562
 612.186
 613.573
 614.41
 614.294
 614.423
 615.657
 616.177
 616.494
 615.74
 616.108
 615.654
 615.036
 615.277
 614.23
 613.43
 613.476
 613.491
 613.062
 612.779
 613.93
 615.647
 615.984
 615.249
 614.734
 613.69
 613.635
 614.033
 615.19
 613.693
 612.96
 612.063
 612.729
 611.586
 609.952
 610.544
 611.019
 610.722
 609.84
 608.971
 608.677
 607.97
 606.68
 605.63
 604.902
 603.328
 603.028
 602.782
 602.132
 602.067
 600.528
 600.86
 600.351
 599.158
 598.795
 599.097
 598.796
 597.727
 596.853
 596.533
 594.269
 593.515
 591.39
 590.918
 590.943
 591.006
 592.304
 591.167
 589.317
 588.214
 588.456
 589.029
 588.213
 587.488
 586.283
 586.493
 587.663
 586.548
 584.419
 582.34
 582.322
 582.084
 582.158
 581.659
 581.011
 580.175
 580.43
 579.987
 579.142
 578.89
 579.105
 578.657
 579.65
 579.106
 578.703
 578.632
 577.172
 575.711
 575.862
 577.611
 578.003
 578.374
 579.148
 580.453
 579.904
 581.464
 584.259
 582.884
 582.772
 583.547
 583.277
 582.543
 582.771
 583.335
 585.948
 586.006
 588.685
 590.28
 591.357
 592.313
 592.619
 592.865
 595.276
 596.267
 596.933
 599.505
 601.915
 601.772
 604.02
 605.931
 607.735
 609.078
 609.236
 609.769
 609.802
 609.585
 609.663
 610.427
 611.075
 611.433
 612.587
 614.91
 615.17
 613.682
 615.175
 616.806
 617.069
 618.627
 620.005
 619.181
 617.442
 617.685
 616.636
 615.918
 617.543
 616.533
 616.287
 615.121
 616.057
 615.509
 616.332
 615.76
 612.754
 613.498
 614.704
 613.967
 614.457
 615.117
 613.851
 614.375
 613.959
 614.402
 613.944
 613.733
 613.877
 611.914
 610.21
 609.381
 608.276
 608.571
 607.711
 606.908
 608.65
 609.885
 609.6
 609.416
 609.122
 609.629
 608.52
 608.258
 609.28
 608.597
 607.978
 606.472
 605.783
 605.878
 606.899
 606.153
 604.625
 606.358
 605.081
 602.633
 602.419
 602.812
 602.096
 602.13
 600.804
 600.602
 600.002
 600.402
 599.517
 597.867
 597.779
 596.44
 595.817
 594.357
 594.784
 593.396
 590.982
 591.001
 590.696
 589.722
 590.249
 587.915
 587.937
 586.855
 585.98
 584.944
 583.838
 581.869
 581.429
 582.426
 582.09
 582.146
 582.372
 581.587
 579.041
 579.747
 580.392
 581.238
 579.914
 578.719
 577.44
 578.725
 577.864
 578.736
 578.508
 578.623
 579.587
 580.437
 581.846
 581.823
 582.933
 582.793
 582.597
 581.348
 581.521
 580.992
 580.549
 581.587
 581.614
 583.472
 583.925
 586.513
 586.789
 587.547
 589.105
 590.005
 590.965
 593.069
 594.015
 595.217
 594.419
 595.478
 598.119
 597.821
 599.041
 600.37
 600.298
 600.938
 601.362
 603.376
 603.543
 603.005
 603.265
 605.657
 606.333
 609.077
 608.547
 607.658
 609.642
 611.275
 611.262
 613.041
 615.139
 616.463
 615.962
 617.007
 618.601
 618.241
 619.828
 619.262
 620.917
 621.078
 621.259
 621.224
 622.976
 623.257
 623.369
 622.247
 622.505
 622.395
 621.805
 621.297
 622.196
 623.867
 623.825
 622.921
 623.473
 622.653
 624.895
 623.961
 624.729
 623.134
 622.194
 622.329
 623.104
 621.644
 620.725
 620.868
 619.068
 619.355
 619.368
 620.431
 620.814
 619.666
 618.557
 618.225
 617.037
 615.884
 615.619
 615.986
 614.232
 612.694
 611.44
 611.034
 611.385
 610.955
 610.216
 608.692
 608.282
 606.658
 606.263
 605.566
 605.683
 604.781
 603.255
 602.322
 601.243
 601.464
 601.064
 601.557
 599.57
 598.366
 597.425
 596.637
 594.802
 593.868
 593.968
 593.465
 593.16
 592.75
 591.807
 591.641
 590.576
 588.996
 589.765
 588.859
 587.306
 586.874
 585.906
 585.433
 583.244
 583.654
 581.384
 580.996
 579.336
 579.207
 578.6
 579.629
 579.195
 580.809
 580.014
 578.27
 577.208
 576.271
 576.701
 575.467
 575.149
 574.697
 575.036
 574.207
 575.104
 575.968
 575.219
 575.888
 575.362
 574.918
 575.581
 574.685
 576.165
 576.23
 576.432
 576.954
 577.97
 578.202
 578.708
 579.688
 579.245
 581.001
 581.837
 583.489
 584.77
 586.978
 588.836
 591.062
 592.248
 593.867
 595.186
 596.294
 597.981
 598.077
 599.332
 599.02
 599.739
 599.47
 601.039
 601.898
 604.112
 604.813
 605.592
 606.891
 607.141
 607.997
 610.155
 610.678
 612.836
 615.143
 615.21
 617.242
 618.666
 617.357
 616.817
 616.639
 619.399
 621.68
 622.556
 621.24
 621.862
 621.043
 622.546
 621.803
 621.627
 621.423
 621.529
 621.218
 621.983
 622.502
 623.503
 623.733
 622.336
 622.827
 622.601
 621.802
 620.459
 621.304
 619.565
 620.35
 619.563
 620.08
 621.009
 621.802
 621.49
 619.335
 617.281
 616.743
 615.652
 615.468
 615.618
 615.651
 615.634
 614.433
 615.468
 616.354
 614.135
 612.452
 612.998
 611.991
 611.402
 611.681
 394.317
 237.196
 114.715
 51.1969
 20.9945
 7.67996
 2.67386
 2.14382
 4.56418
 9.97891
 18.3577
 29.3554
 42.6677
 58.0978
 74.7064
 92.4346
 111.295
 131.613
 149.621
 168.009
 184.932
 199.832
 211.677
 220.282
 227.614
 237.892
 246.772
 244.496
 243.483
 237.373
 230.276
 222.523
 212.55
 202.644
 193.302
 181.86
 166.171
 145.895
 124.965
 100.849
 78.1814
 54.7678
 36.0873
 20.9832
 8.99803
 3.00887
 7.2033
 24.4098
 56.705
 57.5704
 57.2928
 58.395
 59.396
 60.556
 62.9866
 68.0949
 74.3546
 82.4437
 94.3305
 110.187
 127.416
 143.74
 159.306
 173.773
 187.352
 195.487
 201.154
 220.257
 217.793
 211.505
 203.856
 193.228
 179.716
 166.034
 153.335
 142.672
 128.907
 120.407
 114.296
 109.186
 107.607
 104.305
 103.175
 104.926
 101.023
 98.7574
 95.8015
 87.4389
 76.3009
 65.6689
 52.8877
 42.8451
 32.2691
 23.9025
 17.9946
 13.1893
 9.95516
 7.9629
 6.59385
 6.77902
 7.07432
 6.78987
 6.61964
 6.40627
 6.12222
 6.30411
 6.54669
 6.873
 7.2789
 7.50214
 7.2099
 6.6579
 6.08089
 5.51852
 5.11274
 4.95311
 4.91756
 5.44818
 6.85472
 11.0587
 19.9592
 23.5356
 27.5514
 34.443
 42.9417
 55.9789
 69.3345
 82.4127
 98.5498
 109.163
 116.897
 124.106
 127.435
 128.219
 127.376
 129.07
 133.474
 133.108
 135.408
 137.349
 142.943
 148.033
 150.219
 152.498
 152.763
 151.268
 145.558
 139.413
 130.211
 117.548
 102.446
 85.1237
 66.5673
 47.18
 28.3612
 13.3861
 5.35424
 3.23703
 6.45679
 13.6099
 23.1745
 32.4876
 40.7135
 46.0351
 50.2017
 55.1432
 59.8011
 57.3065
 50.9599
 38.2282
 26.0713
 16.4514
 9.67865
 5.54746
 3.88534
 3.47453
 3.529
 3.79936
 4.15684
 4.82085
 5.82006
 7.61951
 10.5408
 14.8491
 21.5103
 31.1435
 45.1455
 63.8017
 90.0885
 125.779
 177.84
 256.128
 399.096
 356.532
 331.359
 313.954
 286.073
 252.778
 192.933
 222.216
 263.979
 317.575
 284.619
 257.649
 235.165
 219.896
 206.53
 197.545
 189.599
 185.001
 180.818
 179.323
 178.189
 179.007
 179.874
 179.739
 178.434
 177.608
 177.864
 175.227
 169.082
 162.141
 153.374
 142.894
 131.594
 120.586
 111.268
 101.484
 92.3551
 84.9116
 78.3716
 71.5016
 65.2801
 59.665
 54.2065
 49.5744
 44.2611
 38.8883
 33.6288
 29.2275
 24.5099
 21.5516
 19.1642
 17.6593
 15.8907
 15.282
 14.5325
 13.4063
 13.1267
 14.1882
 17.7951
 18.3097
 19.5729
 20.3448
 21.473
 22.3814
 23.6128
 24.0937
 24.3094
 24.0299
 23.956
 36.5779
 37.125
 38.0349
 39.3662
 40.4766
 41.7117
 42.5941
 43.0812
 43.5934
 44.8882
 46.1291
 48.2016
 50.2312
 52.2009
 55.1146
 58.1341
 61.6076
 65.3673
 67.3471
 70.3257
 75.0244
 80.625
 87.2364
 94.1605
 97.5818
 101.372
 106.06
 110.798
 114.24
 116.714
 116.773
 113.51
 106.456
 94.2696
 77.7587
 54.2896
 27.0767
 6.47585
 3.07916
 13.4686
 26.5788
 33.7095
 37.1682
 39.2892
 38.1477
 41.1496
 41.8093
 39.8224
 36.4639
 33.0154
 28.81
 34.1512
 40.7892
 46.1631
 51.6577
 59.8647
 71.5639
 90.7954
 109.185
 117.355
 114.802
 103.317
 95.9037
 89.5307
 83.7243
 79.3694
 75.9511
 73.2567
 72.1331
 71.4525
 71.1458
 70.5552
 70.2893
 66.5202
 67.3449
 67.9722
 67.9143
 65.1044
 61.313
 57.2666
 52.7806
 47.9958
 43.2562
 38.9076
 35.5429
 32.0469
 28.7692
 25.6845
 23.0842
 20.979
 18.8178
 16.9536
 15.2744
 13.8849
 12.718
 11.6098
 10.8985
 10.9539
 10.1249
 9.16128
 8.03064
 7.14002
 6.3058
 5.75314
 5.17157
 4.88952
 4.51663
 4.10037
 3.7953
 3.96909
 4.02094
 3.97134
 3.97561
 4.00393
 3.95251
 3.82241
 4.01377
 4.95788
 6.54032
 8.04287
 8.51259
 8.72998
 8.46374
 7.62108
 6.51628
 5.66776
 5.31625
 5.60732
 5.81411
 6.07396
 6.41392
 6.62361
 6.72479
 6.80985
 6.73703
 6.4648
 6.33929
 6.03621
 5.6447
 5.0249
 4.40515
 4.01003
 3.68195
 3.32912
 3.11035
 2.8334
 2.52401
 2.21238
 1.96701
 1.94369
 2.16779
 2.6583
 3.34386
 4.08617
 4.78035
 5.48153
 6.35814
 7.2262
 8.61081
 10.3008
 10.9601
 11.4387
 11.6841
 11.9462
 12.1642
 12.7737
 12.6843
 12.8831
 13.0715
 13.3646
 13.7915
 14.3609
 15.3535
 16.8019
 17.7748
 18.5312
 18.7627
 18.262
 17.2926
 16.2447
 14.9448
 13.4427
 11.9283
 13.0562
 14.4406
 15.5308
 16.0531
 16.706
 17.041
 17.5997
 18.4939
 19.5898
 21.2327
 23.0101
 24.8897
 27.0565
 27.7184
 28.3939
 28.9048
 29.2791
 28.8743
 29.2027
 29.4952
 29.5182
 29.5895
 29.8987
 29.8865
 29.8741
 29.1544
 28.3407
 27.8929
 28.0816
 29.4257
 31.7176
 34.323
 37.4844
 41.1016
 45.5143
 50.6584
 56.1328
 62.1132
 69.056
 78.1917
 89.729
 103.101
 115.788
 127.705
 132.562
 142.105
 142.647
 147.072
 151.283
 156.721
 162.019
 168.812
 176.084
 182.786
 187.828
 190.426
 190.24
 198.204
 211.532
 226.857
 237.375
 251.541
 268.788
 286.244
 299.258
 317.744
 333.88
 353.658
 374.407
 397.169
 402.82
 399.317
 397.106
 399.657
 400.445
 402.742
 400.956
 400.137
 394.65
 387.507
 375.093
 355.298
 334.235
 306.894
 278.372
 246.561
 210.986
 182.365
 157.542
 135.392
 122.087
 111.37
 102.154
 105.031
 108.245
 108.864
 111.765
 109.873
 112.067
 104.15
 103.482
 101.397
 100.125
 94.2623
 93.5727
 92.7407
 94.4987
 96.9093
 101.333
 108.169
 116.556
 126.275
 137.696
 151.476
 165.002
 158.812
 156.983
 157.717
 163.625
 173.567
 210.995
 233.715
 254.703
 270.066
 277.501
 276.362
 258.457
 276.239
 259.604
 250.696
 242.29
 236.375
 231.815
 232.504
 233.121
 239.085
 245.755
 250.523
 254.719
 261.172
 269.725
 282.886
 298.67
 315.433
 329.329
 339.89
 349.279
 355.256
 359.913
 353.031
 346.678
 338.509
 328.641
 320.94
 313.874
 306.371
 298.302
 296.972
 301.972
 311.366
 324.274
 329.373
 336.758
 344.923
 355.798
 359.444
 360.161
 365.854
 374.518
 382.685
 386.136
 378.042
 349.605
 301.252
 237.244
 171.757
 122.541
 94.4723
 78.0259
 66.1895
 54.8073
 38.6587
 19.2165
 9.63908
 7.84881
 11.1742
 9.10813
 7.94681
 5.96592
 3.1958
 2.03765
 3.60247
 11.0995
 26.9005
 49.0827
 98.9737
 220.704
 420.369
 547.855
 596.986
 605.996
 543.842
 469.24
 401.301
 343.329
 292.082
 247.234
 203.697
 168.274
 140.574
 112.665
 93.2725
 80.9216
 70.6164
 62.7484
 55.7122
 50.4017
 46.1414
 41.3177
 36.4896
 32.0351
 28.3201
 25.2289
 23.864
 23.8853
 24.4454
 25.6364
 28.0551
 31.6721
 38.1196
 46.1056
 52.5051
 54.0383
 49.6875
 36.4748
 20.2041
 7.71566
 4.26847
 8.92915
 14.4568
 11.3796
 6.64687
 3.55969
 2.6945
 2.71584
 2.65217
 2.21089
 1.85627
 2.74908
 3.90436
 6.68276
 9.36347
 11.058
 10.6854
 9.57924
 8.6318
 7.90711
 7.58423
 7.1628
 6.92561
 6.61091
 6.31626
 6.25369
 6.60108
 7.60162
 9.69968
 14.1655
 22.5256
 19.7899
 18.4481
 17.5518
 17.185
 16.227
 12.7784
 9.17543
 5.85508
 3.4974
 2.46243
 2.69276
 3.44334
 4.34306
 5.06849
 5.9474
 6.53099
 7.34364
 8.77533
 13.1146
 21.9845
 32.2101
 46.1455
 56.3196
 64.6275
 71.2508
 75.412
 77.4553
 78.037
 76.9179
 73.0062
 69.0061
 65.4579
 61.9244
 68.2247
 73.9672
 79.3323
 85.6994
 88.781
 91.2391
 94.1139
 96.7544
 99.3349
 100.937
 103.439
 105.581
 107.725
 109.736
 111.507
 113.55
 116.473
 118.185
 116.693
 112.486
 104.93
 92.3387
 74.3539
 49.4532
 25.5639
 9.87034
 4.07993
 3.98328
 3.85983
 6.93214
 19.2586
 23.319
 26.0211
 26.4345
 24.4108
 21.5157
 16.2221
 11.6385
 8.05614
 5.99641
 4.42956
 4.38389
 4.43491
 4.59793
 5.44585
 6.26768
 7.18653
 8.75816
 10.1037
 11.5926
 14.9627
 19.0467
 24.4297
 32.9409
 44.6511
 60.1857
 81.5427
 106.844
 130.415
 147.918
 158.95
 164.58
 168.286
 168.503
 163.769
 157.629
 143.487
 130.645
 119.046
 113.898
 109.98
 108.805
 102.325
 85.5231
 61.7469
 45.9107
 41.9378
 44.6157
 61.7797
 93.6385
 113.791
 120.755
 120.561
 116.466
 109.279
 100.617
 90.1892
 77.8417
 63.4016
 47.6091
 33.4986
 21.4369
 12.1149
 6.73309
 4.00247
 3.2855
 3.59442
 4.3445
 5.43799
 6.78387
 8.15668
 9.7262
 11.5758
 12.9847
 14.4929
 15.8347
 17.3304
 19.3643
 22.1113
 25.7256
 29.31
 34.5318
 42.3649
 59.3431
 91.2952
 136.627
 162.389
 132.7
 109.492
 85.0756
 66.6155
 51.2852
 41.2386
 33.6613
 29.186
 30.1305
 30.6027
 31.0169
 31.089
 30.0644
 28.0291
 25.5704
 21.0304
 16.1311
 12.0323
 7.58681
 4.72404
 3.587
 4.03
 5.70346
 7.87229
 10.2901
 12.2176
 13.8441
 14.9537
 15.4181
 15.8265
 16.123
 16.7362
 17.8088
 19.3608
 21.2166
 23.1706
 25.4094
 26.7848
 29.1732
 31.3354
 33.2253
 33.8493
 34.0985
 34.4147
 38.6383
 44.0873
 53.1967
 65.705
 84.6619
 113.165
 146.708
 174.46
 185.19
 182.008
 169.302
 148.387
 126.48
 109.385
 94.7821
 96.468
 96.7584
 92.1449
 83.6959
 71.6696
 60.711
 52.0836
 43.4641
 34.8978
 25.6272
 17.6347
 11.2302
 6.33573
 3.49105
 2.8258
 3.91303
 5.90788
 7.92684
 9.16378
 9.71479
 9.70574
 9.45261
 9.12956
 8.97763
 9.01959
 8.65864
 8.36873
 7.89756
 7.00146
 6.2582
 5.71364
 5.33048
 4.76395
 4.15102
 3.79012
 3.68674
 3.65088
 3.59878
 3.59154
 3.60324
 3.61321
 3.63745
 3.70191
 3.92597
 4.7404
 8.2571
 33.9991
 12.7094
 5.52185
 3.38592
 4.87382
 9.58364
 17.2515
 29.2023
 47.1519
 74.5531
 115.677
 164.676
 147.949
 137.122
 127.981
 115.425
 100.62
 90.3132
 83.3504
 79.8361
 77.6893
 77.1358
 77.1388
 75.1499
 71.7225
 66.3215
 59.0852
 52.6282
 45.6547
 39.2485
 32.5053
 25.9299
 21.0343
 16.2343
 16.5134
 15.6843
 14.3607
 12.3086
 10.8448
 9.60707
 8.41235
 9.30282
 9.92785
 9.97151
 10.4915
 11.1293
 11.5501
 11.967
 12.5416
 12.849
 13.1044
 13.439
 13.6771
 14.1946
 14.8176
 15.3711
 15.993
 16.2833
 16.6475
 17.0511
 18.0308
 19.191
 20.9616
 23.3164
 25.5494
 28.2241
 31.4604
 35.3376
 39.3686
 43.1883
 47.2411
 51.9499
 57.2318
 62.2118
 66.8616
 71.6852
 76.5272
 83.0043
 92.114
 102.688
 114.217
 127.54
 131.009
 139.329
 150.981
 166.097
 188.835
 215.274
 246.056
 267.148
 274.492
 266.649
 239.111
 207.263
 176.483
 149.903
 127.492
 110.883
 99.1777
 93.8677
 85.9961
 80.0746
 77.5969
 76.29
 77.7226
 83.1328
 84.6317
 83.9691
 80.3213
 73.85
 65.9616
 58.8745
 50.456
 48.5783
 46.7065
 44.3588
 42.1483
 39.2118
 36.7098
 34.6648
 33.0944
 31.5325
 30.4501
 33.421
 36.2977
 39.9969
 44.8186
 50.4349
 56.6479
 63.2012
 68.6806
 72.9309
 76.5716
 80.8204
 86.0402
 91.3699
 95.1268
 95.9921
 94.0134
 85.6685
 72.9897
 62.7808
 61.6702
 67.3796
 82.8087
 103.148
 120.733
 136.256
 149.529
 160.731
 169.704
 177.823
 186.151
 193.224
 198.269
 199.046
 197.219
 191.327
 182.217
 168.163
 150.967
 131.504
 113.603
 97.7132
 85.68
 76.8718
 71.0647
 66.6706
 62.3543
 62.0772
 62.1357
 59.7769
 57.9919
 56.1335
 55.2374
 54.4281
 53.6618
 52.3982
 50.0608
 48.9791
 48.4711
 48.6192
 48.5343
 48.5332
 49.5027
 52.8863
 56.9206
 59.0354
 60.0302
 58.7623
 55.4236
 52.1133
 50.0024
 48.3468
 48.3486
 48.495
 49.9569
 50.7495
 51.168
 51.988
 52.664
 53.2086
 52.799
 51.9487
 50.2339
 48.7618
 47.5364
 47.429
 46.9633
 45.8339
 44.8467
 43.8036
 41.3435
 38.5956
 36.7837
 33.6756
 30.3732
 27.9539
 25.7513
 23.5019
 21.456
 19.6773
 18.5421
 17.921
 17.3548
 16.8676
 16.676
 16.9688
 17.4053
 17.6049
 18.0734
 18.6738
 19.0966
 19.9772
 20.8363
 21.4676
 21.7717
 22.0916
 21.8643
 21.4369
 20.7951
 20.3476
 19.6053
 18.8798
 19.7096
 20.6831
 21.3686
 21.6117
 21.6475
 22.0716
 22.264
 21.9954
 21.7669
 20.9192
 20.0805
 19.1762
 18.4193
 17.878
 17.9718
 18.4155
 19.4621
 21.349
 23.2267
 24.5392
 25.9604
 26.6526
 26.2606
 26.01
 25.9848
 24.9978
 25.6589
 25.0474
 21.0951
 17.0761
 14.5798
 12.654
 11.1206
 10.0234
 11.0109
 12.8012
 15.7947
 19.3249
 22.4391
 23.8629
 25.3646
 26.7852
 28.0229
 28.888
 29.5213
 30.0386
 30.9368
 31.6466
 32.4421
 33.145
 36.1192
 39.456
 44.4782
 49.6245
 56.3809
 64.7829
 69.119
 71.896
 72.3781
 70.7383
 69.128
 67.4632
 65.2193
 62.8382
 62.2405
 63.9466
 74.0197
 93.5016
 120.176
 139.995
 148.851
 147.691
 139.017
 122.468
 117.173
 108.123
 100.083
 93.519
 85.4666
 77.5759
 70.7147
 64.3199
 58.2142
 52.8963
 47.4588
 41.8741
 36.6038
 31.8838
 27.0043
 21.9714
 17.5565
 12.568
 8.69661
 5.82562
 4.08724
 3.24115
 3.05641
 3.13024
 3.12795
 2.96042
 2.75434
 3.0428
 4.33046
 7.10269
 10.45
 13.6233
 16.1064
 16.6179
 16.7148
 17.4692
 18.547
 15.9753
 14.1749
 12.0304
 10.8672
 9.22865
 9.58919
 11.1398
 12.9322
 16.3572
 20.9636
 27.112
 31.187
 34.1166
 41.3257
 50.9367
 65.3324
 82.9556
 102.821
 123.482
 147.845
 173.803
 177.952
 178.128
 179.507
 180.763
 178.671
 175.367
 175.218
 174.647
 177.662
 176.964
 180.819
 178.006
 174.311
 172.659
 166.968
 163.142
 152.439
 145.267
 135.158
 125.918
 130.827
 137.776
 150.622
 169.838
 192.971
 206.596
 213.141
 214.359
 204.698
 197.508
 197.331
 207.046
 216.493
 221.214
 213.17
 195.297
 183.61
 174.483
 164.356
 156.625
 148.44
 140.799
 134.383
 128.659
 125.231
 119.291
 113.488
 107.879
 104.519
 101.722
 98.1897
 94.7543
 92.8141
 91.2515
 89.6556
 89.0562
 88.6897
 90.0195
 90.5889
 91.2614
 91.2936
 90.7439
 90.1438
 89.3024
 88.1958
 86.9761
 84.9447
 82.9164
 80.1293
 77.1033
 72.6931
 67.7635
 61.6157
 56.1163
 48.7279
 44.5247
 40.1146
 38.6091
 43.7238
 56.567
 75.0974
 98.701
 116.775
 129.694
 139.9
 146.761
 155.485
 156.165
 153.096
 150.515
 143.671
 138.59
 133.436
 125.137
 116.403
 106.907
 99.2384
 88.3658
 74.56
 62.3571
 54.269
 43.3944
 34.7635
 27.0364
 20.2306
 16.3795
 11.2497
 8.07913
 6.2589
 4.65929
 3.46613
 2.77176
 2.4923
 2.45833
 2.58725
 2.87302
 3.80765
 6.14678
 9.86096
 14.4275
 20.5693
 26.8101
 32.2962
 38.5182
 43.9262
 46.2904
 50.9885
 54.3363
 54.1592
 47.9206
 44.7272
 42.417
 38.5427
 39.6449
 46.632
 67.5692
 116.9
 175.699
 232.331
 279.182
 317.836
 327.734
 318.682
 305.847
 299.87
 287.708
 277.011
 266.016
 262.403
 258.695
 257.058
 253.318
 248.396
 248.467
 241.956
 238.144
 233.183
 228.724
 222.182
 218.43
 218.047
 216.956
 215.282
 211.417
 209.19
 206.729
 202.399
 197.863
 194.634
 189.44
 188.269
 182.566
 178.484
 171.246
 166.725
 162.791
 159.2
 153.931
 149.532
 146.674
 143.723
 139.862
 137.492
 136.405
 135.992
 134.748
 133.356
 133.848
 133.711
 134.394
 134.697
 135.209
 134.941
 135.439
 134.14
 133.858
 133.549
 133.137
 132.365
 132.146
 131.767
 131.179
 130.947
 130.794
 129.913
 130.377
 129.348
 129.341
 128.253
 126.792
 125.27
 123.308
 122.035
 120.493
 119.785
 118.191
 116.922
 113.907
 113.37
 112.234
 110.526
 109.096
 108.088
 105.621
 105.123
 103.585
 101.634
 99.8741
 97.2358
 96.5189
 94.8397
 92.902
 90.1976
 87.6052
 84.6527
 81.4114
 77.9478
 75.3715
 72.9594
 71.091
 67.8757
 65.5982
 63.1264
 59.5687
 56.3997
 54.0108
 53.2752
 49.1587
 46.2514
 45.5119
 44.532
 43.4081
 40.6073
 38.7152
 38.3155
 37.428
 35.1122
 34.8413
 35.4948
 33.3907
 32.2141
 30.4329
 31.1668
 30.7635
 31.1896
 31.8872
 31.5125
 30.1912
 31.7884
 31.1841
 31.5085
 30.1635
 29.3324
 30.327
 31.3802
 32.0867
 32.7351
 31.61
 33.2633
 34.5768
 35.0474
 36.3041
 35.8639
 36.9874
 39.421
 41.0931
 43.0499
 43.9638
 45.2988
 44.4001
 45.4058
 48.5647
 49.8673
 50.7647
 52.6033
 55.1422
 56.2808
 58.8949
 61.3628
 61.6668
 66.6236
 69.7263
 71.9537
 75.3189
 78.2514
 81.3496
 84.3419
 86.9384
 88.2923
 91.7288
 94.2676
 95.8937
 97.7146
 100.652
 102.29
 104.178
 106.378
 107.358
 108.895
 110.027
 111.444
 111.429
 112.601
 114.6
 115.376
 116.697
 117.821
 118.131
 120.058
 120.961
 122.279
 123.257
 124.127
 124.432
 125.909
 127.233
 127.846
 128.85
 130.358
 131.347
 131.665
 132.392
 133.404
 135
 134.978
 134.956
 135.472
 135.986
 137.118
 137.117
 136.097
 135.375
 135.169
 133.731
 133.543
 132.02
 131.007
 128.545
 125.423
 123.521
 121.081
 116.882
 113.282
 108.814
 105.35
 99.7116
 96.6444
 91.8956
 87.3863
 82.2848
 77.9068
 73.2721
 69.3106
 64.6117
 60.7214
 55.6553
 51.0696
 45.6277
 40.4847
 34.4093
 33.1242
 29.5687
 27.6914
 24.4725
 21.5943
 21.4462
 20.2288
 17.8975
 16.3221
 15.5864
 16.3741
 16.1041
 15.4679
 16.2946
 16.0149
 15.8533
 16.0997
 16.9716
 17.8667
 19.1926
 19.7279
 21.8795
 24.11
 26.8199
 30.141
 31.443
 34.7015
 35.4822
 39.0166
 41.6054
 46.778
 48.4372
 51.4078
 55.5953
 60.0287
 64.8754
 68.9371
 74.8046
 77.6353
 81.5395
 87.5965
 91.5789
 94.7963
 97.9329
 101.82
 105.611
 109.684
 114.347
 117.07
 119.021
 119.502
 121.186
 121.822
 124.498
 123.051
 123.451
 124.905
 124.965
 126.264
 127.223
 125.957
 125.015
 123.011
 121.07
 120.254
 119.8
 118.642
 117.784
 117.872
 116.582
 116.706
 115.842
 115.281
 113.839
 112.061
 111.773
 110.265
 109.872
 108.972
 107.662
 106.743
 105.631
 105.137
 104.382
 104.23
 104.549
 105.486
 106.591
 105.957
 106.005
 106.7
 107.511
 107.413
 107.598
 108.155
 108.125
 109.252
 109.304
 109.676
 109.584
 108.845
 109.746
 108.845
 107.433
 106.779
 104.657
 104.427
 104.943
 104.289
 103.844
 103.393
 102.049
 100.62
 97.1255
 95.7393
 94.1731
 91.4272
 89.0619
 86.805
 83.1037
 78.5513
 77.6628
 73.3509
 68.3593
 66.9174
 64.2216
 58.8355
 56.6403
 52.6029
 48.24
 47.5729
 45.181
 42.4685
 40.3377
 37.9707
 36.2252
 32.7725
 30.6344
 29.5759
 28.0709
 26.2223
 25.2982
 24.6036
 22.5238
 21.1994
 20.5878
 20.7115
 20.1232
 20.0008
 20.4402
 19.3824
 19.8334
 21.3113
 22.6653
 22.0648
 22.0235
 23.4317
 23.7932
 26.4301
 26.9584
 30.0015
 31.329
 33.1196
 36.1165
 38.588
 44.6326
 48.4576
 53.4024
 55.6496
 59.3766
 62.5227
 64.952
 70.8847
 76.591
 81.8821
 84.0866
 89.309
 92.1612
 95.4934
 99.0251
 103.674
 107.491
 109.824
 111.388
 113.749
 116.846
 117.993
 119.978
 121.393
 122.02
 123.255
 124.407
 125.659
 127.151
 127.926
 127.676
 127.074
 126.975
 127.227
 125.745
 126.401
 126.433
 125.792
 126.752
 127.286
 127.523
 126.282
 126.782
 126.004
 125.557
 125.749
 125.425
 124.788
 125.275
 124.397
 124.327
 124.289
 123.921
 123.851
 122.016
 119.705
 118.58
 117.474
 117.164
 115.991
 113.537
 110.767
 109.528
 108.207
 105.807
 103.965
 102.818
 102.047
 100.415
 95.7971
 93.4583
 90.1847
 87.4504
 82.7988
 79.9313
 77.5387
 74.6784
 72.4438
 70.7076
 68.3653
 66.4437
 63.3033
 62.54
 57.8212
 56.0694
 51.2106
 50.0772
 48.004
 45.0571
 42.2235
 40.2507
 38.5573
 40.116
 37.5094
 37.0309
 37.4164
 36.638
 38.0831
 38.7567
 41.6996
 44.668
 47.5997
 51.0796
 54.37
 59.9353
 63.5419
 66.2584
 71.9147
 79.18
 84.8604
 94.657
 100.99
 106.16
 111.085
 114.243
 117.586
 122.382
 125.217
 128.199
 134.583
 137.598
 142.365
 145.844
 147.847
 148.174
 148.119
 146.996
 145.359
 144.057
 143.311
 141.172
 141.735
 139.906
 139.66
 139.912
 138.919
 136.759
 132.702
 129.477
 128.066
 126.277
 124.11
 123.289
 121.73
 120.769
 120.786
 120.79
 117.812
 116.879
 116.044
 114.625
 111.986
 111.152
 109.582
 109.237
 108.044
 107.356
 105.91
 104.278
 104.653
 102.933
 99.5153
 97.6356
 95.4217
 91.2837
 87.8036
 84.6752
 82.0859
 81.0921
 82.0636
 81.6686
 83.5808
 83.901
 85.6498
 87.6476
 87.9502
 89.7273
 89.7427
 90.5555
 91.7992
 92.8169
 95.1083
 96.3695
 96.1872
 96.8931
 97.74
 97.2537
 97.9515
 98.4602
 97.9394
 97.3033
 96.3914
 95.2626
 93.2997
 90.3907
 88.6529
 86.4613
 84.3535
 82.0419
 78.0632
 74.5977
 69.9262
 67.7543
 62.6652
 57.9382
 53.2886
 47.8864
 45.0654
 43.2833
 41.8842
 39.2871
 36.4641
 35.3873
 33.8772
 34.5295
 32.7005
 30.9634
 31.6188
 30.6643
 29.0877
 26.788
 25.5453
 24.5561
 23.2798
 23.0444
 20.9822
 20.7396
 20.1829
 20.4534
 20.2887
 22.8276
 24.0112
 24.9218
 26.7063
 27.3685
 29.1621
 30.1571
 31.8232
 33.4089
 35.6601
 36.5073
 38.4914
 42.3647
 46.014
 51.9767
 54.8541
 59.6702
 64.778
 69.6791
 71.5183
 78.3738
 84.8659
 91.6391
 96.4277
 100.177
 104.401
 108.538
 112.302
 117.728
 119.232
 120.58
 122.042
 125.558
 127.734
 128.389
 128.248
 127.428
 125.233
 123.022
 121.17
 121.983
 121.81
 121.973
 120.905
 119.76
 118.57
 117.001
 117.796
 119.647
 121.068
 122.758
 122.112
 122.705
 121.305
 118.668
 116.138
 113.276
 111.195
 110.995
 111.889
 110.867
 109.555
 108.688
 106.894
 105.655
 105.877
 103.768
 103.887
 102.725
 102.108
 101.888
 101.536
 99.5026
 98.164
 98.5646
 98.2951
 97.5413
 95.3033
 93.1393
 91.5644
 91.2545
 90.0211
 88.4425
 87.8761
 87.6249
 87.6943
 85.1805
 83.8055
 82.4088
 80.0235
 76.6692
 74.948
 71.9859
 70.1692
 68.2289
 64.8054
 62.1229
 61.6517
 60.2959
 56.8734
 53.5811
 50.9161
 50.1925
 50.2451
 46.8008
 44.204
 45.0371
 45.3807
 46.2484
 47.6219
 50.6374
 52.8687
 57.0929
 61.9695
 64.1722
 66.2888
 70.1563
 75.2935
 77.3705
 80.0449
 82.8493
 81.5554
 85.5372
 86.4879
 90.7286
 93.3689
 98.521
 102.166
 104.548
 106.105
 107.117
 107.139
 105.612
 104.285
 100.25
 97.3536
 92.3034
 89.2498
 86.6661
 86.7485
 83.4098
 82.9364
 83.4811
 83.21
 78.2104
 75.5811
 72.8857
 70.8158
 70.0323
 70.8765
 70.5103
 70.229
 69.4288
 69.6683
 69.6975
 71.2037
 71.433
 72.5536
 74.0311
 74.9796
 75.5546
 76.5689
 79.3065
 79.4054
 79.8533
 80.7566
 80.4051
 79.6724
 76.5797
 73.3008
 70.9725
 75.1295
 78.2371
 85.3684
 89.9717
 94.602
 100.421
 103.918
 110.237
 114.581
 117.605
 121.567
 124.895
 128.858
 130.98
 135.526
 138.134
 138.326
 139.482
 141.776
 143.143
 144.28
 145.569
 145.651
 147.131
 149.47
 151.277
 151.535
 151.561
 152.193
 151.675
 151.728
 150.92
 149.031
 146.282
 144.328
 139.703
 136.107
 133.562
 130.328
 127.59
 119.58
 110.727
 101.41
 93.6536
 86.1678
 78.9075
 69.2127
 62.5105
 55.6588
 48.1266
 40.7246
 33.1479
 29.0652
 24.4098
 20.4077
 16.6586
 14.3674
 12.5589
 11.0728
 9.75313
 8.16567
 7.98143
 7.41309
 6.87769
 6.74859
 6.66363
 6.23649
 6.3005
 6.18258
 6.32246
 6.02744
 5.96046
 6.46727
 6.56842
 6.65606
 6.92475
 7.22802
 7.44652
 7.84122
 9.02648
 9.82727
 11.687
 13.6686
 15.6576
 18.3572
 21.2469
 24.3503
 27.953
 31.6732
 35.8923
 40.3867
 48.2046
 54.1171
 59.0019
 68.1211
 76.4874
 81.0578
 88.6537
 99.1367
 107.687
 112.471
 120.477
 129.856
 134.616
 138.455
 142.055
 146.532
 149.086
 150.27
 150.198
 148.807
 148.845
 144.716
 141.591
 138.261
 133.69
 129.263
 126.566
 121.098
 116.921
 112.023
 108.521
 103.559
 98.4377
 92.5287
 87.9751
 83.3602
 79.6274
 75.7072
 73.8117
 70.0937
 67.0733
 64.5848
 62.7322
 60.4145
 55.5347
 50.5005
 45.661
 40.4001
 35.8804
 33.8018
 32.029
 30.157
 29.1846
 28.8369
 30.9067
 30.9045
 31.8669
 34.1896
 35.5688
 35.6641
 37.1668
 39.417
 43.3883
 45.7123
 49.3258
 54.3632
 58.1942
 63.4895
 67.2278
 71.1548
 73.3765
 76.8954
 82.7081
 85.4431
 87.3144
 90.2902
 94.5168
 94.3197
 86.7787
 78.4727
 71.4819
 63.1624
 57.3669
 49.5603
 41.7309
 32.4688
 25.0823
 19.0986
 14.1888
 10.1075
 7.17171
 6.04122
 4.68595
 3.95682
 3.59237
 3.40165
 3.17925
 3.08107
 3.09307
 3.09934
 3.13211
 3.1819
 3.20439
 3.27235
 3.16961
 3.05782
 3.01988
 3.02729
 2.97392
 2.93656
 2.91607
 2.98844
 3.0647
 3.13637
 3.40332
 3.87877
 4.12984
 4.78291
 172.324
 