-0.00904653 0.240904 -0.00539227 0.00371431 0.00360517 -0.00130052 -0.002857 -0.00646212 0.00900405 0.00852612 0.00630306 -0.00450427 
-0.144345 0.00274195 -0.00219384 0.00689176 0.00409532 -0.00167155 0.00901805 -0.000910474 0.000807433 0.362435 0.00999538 0.00196038 
0.00665529 0.00170666 0.00352254 -0.00994759 0.00395862 -0.000831787 0.00193441 0.0203208 0.00987481 0.00654213 -0.0013736 0.00347998 
0.105585 0.00576941 -0.33136 -0.00575433 0.00429553 0.00332092 -0.000258596 0.00440397 -0.00393713 0.00754757 0.00129573 -0.00984181 
-0.00412399 0.000313783 -0.000752285 -0.185026 0.00948113 -0.168144 -0.00135618 0.00613642 -0.00905025 0.22328 0.00618883 0.113826 
0.00133458 -0.00187677 -0.000179541 0.00120939 -0.180547 0.00844686 -0.00531062 -9.30165e-05 0.00421627 -0.424179 0.00415265 -0.0014882 
0.00502815 -0.00610594 -0.00708423 -0.00890898 -0.00855838 0.00421151 -0.00875079 -0.00268236 -0.00547471 0.000496924 -0.00599892 -0.689491 
0.00974002 0.4544 -0.00985716 -0.00931023 0.00481128 -0.0605735 0.00559814 -0.00385414 0.354648 -0.00458141 0.152627 -0.000879731 
-0.00613454 -0.00795538 0.00902725 0.00808173 -0.137216 0.395846 -0.406213 0.00878001 0.00707396 -0.000490704 0.00987103 0.00851559 
-0.0062792 -0.00887976 0.346799 -0.00175391 0.00161716 -0.000165692 -0.0744112 0.00135718 -0.00752078 0.00239536 0.00204695 0.00729049 
0.336842 -0.00235491 -0.00656365 -0.193393 0.00306368 0.00731473 -0.0076978 0.00692914 -0.00716378 -0.00867055 0.00501087 -0.356472 
0.00450935 -0.00839561 -0.20362 0.00158331 0.00111369 -0.00476088 9.88998e-05 0.00483449 -0.00364064 0.00593212 -0.00691942 0.00797652 
