1.55123 
6.36498 
6.37835 
6.37455 
6.35131 
6.37656 
6.31444 
6.31219 
6.31583 
6.32708 
6.31518 
6.28057 
6.28205 
6.27686 
6.2693 
6.29344 
6.264 
6.27873 
6.30308 
6.31279 
6.33035 
6.30327 
6.29772 
6.34066 
6.33633 
6.33198 
6.31271 
6.32999 
6.30384 
6.31234 
6.3034 
6.29023 
6.28571 
6.31135 
6.34404 
6.33236 
6.33202 
6.33581 
6.35748 
6.34869 
6.3585 
6.35045 
6.35325 
6.33377 
6.35196 
6.38821 
6.39093 
6.40331 
6.41477 
6.42752 
6.41348 
6.41265 
6.43523 
6.43175 
6.40517 
6.38967 
6.3618 
6.34009 
6.3507 
6.36271 
6.3657 
6.36016 
6.3584 
6.36675 
6.35898 
6.32664 
6.31693 
6.30799 
6.27537 
6.28373 
6.24243 
6.26877 
6.22406 
6.22777 
6.20513 
6.23018 
6.22516 
6.21468 
6.21424 
6.22484 
6.21459 
6.23386 
6.19355 
6.17913 
6.16737 
6.14862 
6.1364 
6.11456 
6.06546 
6.03721 
6.04195 
6.05662 
6.04227 
6.05196 
6.02274 
6.02597 
6.00078 
5.99193 
6.00121 
6.02061 
6.0099 
6.06321 
6.04463 
6.01628 
6.03638 
6.05343 
6.06358 
6.05468 
6.03282 
6.08207 
6.08028 
6.08083 
6.11127 
6.09133 
6.11207 
6.16029 
6.20655 
6.21461 
6.20823 
6.22914 
6.24893 
6.25148 
6.2437 
6.27958 
6.29731 
6.27566 
6.25013 
6.25124 
6.24232 
6.26194 
6.25887 
6.26624 
6.25026 
6.23491 
6.23187 
6.21016 
6.17968 
6.19974 
6.23904 
6.2089 
6.22005 
6.19993 
6.20753 
6.17153 
6.19219 
6.20317 
6.17924 
6.17174 
6.14629 
6.11454 
6.13704 
6.13112 
6.11889 
6.09256 
6.09435 
6.07483 
6.06927 
6.06705 
6.07587 
6.06348 
6.07487 
6.06543 
6.07841 
6.06943 
6.07315 
6.06126 
6.05424 
6.04288 
6.03815 
6.01919 
5.98808 
5.97945 
5.98273 
5.9703 
5.93825 
5.93518 
5.9085 
5.91586 
5.90269 
5.91379 
5.89265 
5.91146 
5.93363 
5.95109 
5.98157 
5.97072 
5.92084 
5.94408 
5.90844 
5.90878 
5.91831 
5.92801 
5.93522 
5.91298 
5.91888 
5.92861 
5.94304 
5.95725 
5.97997 
5.9575 
5.97584 
5.98271 
5.99517 
6.01148 
5.99793 
6.01584 
6.03608 
5.9892 
6.01087 
5.99463 
6.00426 
6.01615 
6.04376 
6.03241 
6.01008 
5.98569 
5.98229 
6.00549 
5.9809 
5.99353 
5.99245 
6.01418 
6.01894 
5.98325 
5.9755 
5.97063 
5.97401 
5.97599 
5.96167 
5.96543 
5.95979 
5.95706 
5.96384 
5.99451 
5.99148 
5.98079 
5.99432 
5.94957 
5.91648 
5.92173 
5.91427 
5.91552 
5.92643 
5.89905 
5.87676 
5.86496 
5.8461 
5.83987 
5.85316 
5.85496 
5.83187 
5.82423 
5.83699 
5.83365 
5.81173 
5.804 
5.83821 
5.79211 
5.77582 
5.77215 
5.76561 
5.79826 
5.80554 
5.79419 
5.8042 
5.79177 
5.76169 
5.75718 
5.74586 
5.75122 
5.74417 
5.75901 
5.75578 
5.74815 
5.72679 
5.74879 
5.73186 
5.77182 
5.74997 
5.74935 
5.7272 
5.71791 
5.70856 
5.73498 
5.7462 
5.75771 
5.75304 
5.74587 
5.75383 
5.77026 
5.78936 
5.8099 
5.79129 
5.80536 
5.78722 
5.80177 
5.76156 
5.79484 
5.82453 
5.82524 
5.82732 
5.81634 
5.79329 
5.80841 
5.80675 
5.81138 
5.82518 
5.84868 
5.84048 
5.83626 
5.85343 
5.84729 
5.87682 
5.88141 
5.86614 
5.84846 
5.83943 
5.82679 
5.83062 
5.83794 
5.81308 
5.78492 
5.79477 
5.79944 
5.78891 
5.77591 
5.80991 
5.79907 
5.76406 
5.724 
5.73315 
5.7137 
5.71538 
5.67745 
5.67507 
5.66944 
5.66438 
5.63544 
5.61147 
5.59884 
5.57433 
5.57913 
5.58106 
5.58825 
5.57647 
5.58672 
5.5901 
5.57942 
5.55259 
5.522 
5.52061 
5.50501 
5.53796 
5.53869 
5.51286 
5.50673 
5.52429 
5.53335 
5.52711 
5.55031 
5.55035 
5.55773 
5.55335 
5.54239 
5.52753 
5.53941 
5.58141 
5.58466 
5.58269 
5.58777 
5.54699 
5.57048 
5.57558 
5.5876 
5.57125 
5.57399 
5.56988 
5.5725 
5.58198 
5.60661 
5.58367 
5.60499 
5.60567 
5.62954 
5.60443 
5.62404 
5.66049 
5.63538 
5.63276 
5.64023 
5.61674 
5.61699 
5.64589 
5.66267 
5.67695 
5.65933 
5.66358 
5.64393 
5.6644 
5.63478 
5.6291 
5.61866 
5.60149 
5.58041 
5.59546 
5.59617 
5.59357 
5.56868 
5.61341 
5.62321 
5.62499 
5.6301 
5.64301 
5.62744 
5.61229 
5.60953 
5.60958 
5.59863 
5.58241 
5.55654 
5.55256 
5.57116 
5.58824 
5.56905 
5.58037 
5.56236 
5.57479 
5.55206 
5.56634 
5.53573 
5.53488 
5.50899 
5.46598 
5.44489 
5.4053 
5.41058 
5.4225 
5.43017 
5.41957 
5.41769 
5.39231 
5.42175 
5.39315 
5.40926 
5.41108 
5.40211 
5.3756 
5.35084 
5.35983 
5.35998 
5.38281 
5.3367 
5.32508 
5.32491 
5.31638 
5.32939 
5.33859 
5.34903 
5.36902 
5.37105 
5.36722 
5.35335 
5.37193 
5.35873 
5.39451 
5.41354 
5.45204 
5.4606 
5.43832 
5.4371 
5.42528 
5.4204 
5.44904 
5.42907 
5.44049 
5.46862 
5.46144 
5.46194 
5.46438 
5.45719 
5.45572 
5.44626 
5.46268 
5.45303 
5.47287 
5.47432 
5.44279 
5.46211 
5.41725 
5.42284 
5.4213 
5.43986 
5.44757 
5.44991 
5.46126 
5.47288 
5.48433 
5.46964 
5.47039 
5.47497 
5.49648 
5.49598 
5.45642 
5.46452 
5.44228 
5.42859 
5.42964 
5.43815 
5.45392 
5.44681 
5.45047 
5.44402 
5.43042 
5.41319 
5.37806 
5.37563 
5.34232 
5.377 
5.38621 
5.37473 
5.3665 
5.35593 
5.33926 
5.33762 
5.33372 
5.30815 
5.31762 
5.31677 
5.31212 
5.27864 
5.27862 
5.28756 
5.27395 
5.25413 
5.21806 
5.21106 
5.19895 
5.20292 
5.17866 
5.15627 
5.15724 
5.16759 
5.16145 
5.15922 
5.17523 
5.17273 
5.17569 
5.18499 
5.22576 
5.22413 
5.23767 
5.21078 
5.20588 
5.25423 
5.25207 
5.2652 
5.26238 
5.24231 
5.24959 
5.2392 
5.23932 
5.27189 
5.27362 
5.30622 
5.3034 
5.32404 
5.3088 
5.32571 
5.31344 
5.29235 
5.2803 
5.28365 
5.28283 
5.26544 
5.27743 
5.2704 
5.26219 
5.26991 
5.23578 
5.22888 
5.24735 
5.2301 
5.25842 
5.27454 
5.3159 
5.32639 
5.30752 
5.30639 
5.28307 
5.28774 
5.29732 
5.28527 
5.29228 
5.29468 
5.29763 
5.27503 
5.27334 
5.28121 
5.30987 
5.27971 
5.2842 
5.28634 
5.27019 
5.28241 
5.25423 
5.24843 
5.21289 
5.25576 
5.253 
5.23714 
5.26733 
5.25035 
5.2492 
5.26988 
5.23489 
5.24022 
5.23337 
5.22554 
5.2217 
5.20465 
5.1907 
5.17672 
5.14708 
5.1422 
5.1112 
5.11383 
5.08745 
5.10457 
5.12307 
5.12646 
5.10663 
5.13804 
5.14285 
5.13883 
5.12033 
5.13259 
5.13184 
5.14525 
5.15725 
5.1612 
5.13075 
5.11327 
5.10445 
5.10492 
5.07655 
5.08219 
5.11474 
5.07994 
5.06796 
5.10867 
5.11231 
5.11229 
5.11298 
5.10183 
5.12362 
5.14056 
5.15829 
5.17312 
5.18992 
5.17883 
5.17483 
5.17775 
5.16782 
5.16962 
5.17341 
5.17796 
5.20388 
5.19915 
5.18052 
5.15747 
5.16554 
5.17173 
5.17089 
5.17534 
5.19014 
5.19194 
5.19842 
5.212 
5.22001 
5.22094 
5.19178 
5.18057 
5.16634 
5.1846 
5.1772 
5.14026 
5.12803 
5.13824 
5.1266 
5.13376 
5.07895 
5.0642 
5.04081 
5.03323 
5.02414 
5.01414 
5.01546 
5.01273 
5.03021 
5.01453 
5.01338 
5.01013 
5.00258 
4.97491 
4.95732 
4.94086 
4.9528 
4.94687 
4.94084 
4.93348 
4.9183 
4.89789 
4.87896 
4.86865 
4.87029 
4.88669 
4.86856 
4.86166 
4.8621 
4.90354 
4.89472 
4.89782 
4.89041 
4.88105 
4.8861 
4.90545 
4.90149 
4.90862 
4.91239 
4.90335 
4.90986 
4.89458 
4.90146 
4.90217 
4.92336 
4.94229 
4.94125 
4.92485 
4.93147 
4.91871 
4.95572 
4.9373 
4.93736 
4.93614 
4.96771 
4.99065 
4.95551 
4.92873 
4.91725 
4.92347 
4.95229 
4.97218 
4.97074 
4.97945 
5.0126 
4.97623 
4.99229 
4.97597 
4.98363 
4.953 
4.95144 
4.95017 
4.94363 
4.9267 
4.94104 
4.93954 
4.93085 
4.91664 
4.89925 
4.90707 
4.87519 
4.8709 
4.87707 
4.89142 
4.91084 
4.91544 
4.88597 
4.91801 
4.90313 
4.89305 
4.88824 
4.8864 
4.88177 
4.89066 
4.86517 
4.86355 
4.86966 
4.89153 
4.90482 
4.91413 
4.93481 
4.91719 
4.90339 
4.86388 
4.88555 
4.87831 
4.88026 
4.87329 
4.88356 
4.84838 
4.82376 
4.81937 
4.81804 
4.80243 
4.79705 
4.78508 
4.78461 
4.78061 
4.78633 
4.78143 
4.74466 
4.71923 
4.72946 
4.72362 
4.72508 
4.71573 
4.73106 
4.71593 
4.71493 
4.71093 
4.70952 
4.72459 
4.72806 
4.73709 
4.72416 
4.72113 
4.70715 
4.73343 
4.73109 
4.73821 
4.75268 
4.7567 
4.75121 
4.75767 
4.7663 
4.7545 
4.75449 
4.78163 
4.78608 
4.78294 
4.79193 
4.78665 
4.77658 
4.80269 
4.79827 
4.77494 
4.78392 
4.77692 
4.78783 
4.80606 
4.79281 
4.78604 
4.81156 
4.80995 
4.8029 
4.80998 
4.81373 
4.82656 
4.81817 
4.8584 
4.85565 
4.84575 
4.81448 
4.81453 
4.80682 
4.7953 
4.79898 
4.80425 
4.79132 
4.79148 
4.79771 
4.76991 
4.75827 
4.74245 
4.74181 
4.72639 
4.72159 
4.71234 
4.6708 
4.67259 
4.66535 
4.66715 
4.68941 
4.67152 
4.65939 
4.6418 
4.65204 
4.67376 
4.66868 
4.67692 
4.6469 
4.65144 
4.63537 
4.60612 
4.60134 
4.58957 
4.5907 
4.61795 
4.58388 
4.59292 
4.60633 
4.57454 
4.55127 
4.5753 
4.55227 
4.53685 
4.52654 
4.54764 
4.54767 
4.54859 
4.53849 
4.52409 
4.53903 
4.53394 
4.55805 
4.55684 
4.54452 
4.56819 
4.59748 
4.5821 
4.56195 
4.56714 
4.58918 
4.58251 
4.57837 
4.54533 
4.56638 
4.57592 
4.57204 
4.60021 
4.63907 
4.64312 
4.64269 
4.65808 
4.65343 
4.65896 
4.64678 
4.64388 
4.64541 
4.62013 
4.63384 
4.60602 
4.61987 
4.65161 
4.63123 
4.652 
4.64751 
4.65342 
4.65752 
4.65329 
4.65267 
4.63267 
4.61897 
4.62533 
4.62976 
4.63915 
4.62905 
4.63811 
4.64543 
4.63851 
4.63228 
4.64688 
4.6095 
4.59971 
4.58258 
4.57628 
4.54774 
4.56078 
4.52921 
4.51069 
4.49964 
4.5025 
4.51685 
4.51156 
4.51083 
4.50792 
4.50671 
4.51837 
4.53558 
4.55846 
4.51624 
4.52293 
4.53464 
4.51671 
4.51035 
4.51298 
4.51852 
4.52188 
4.51004 
4.48508 
4.47081 
4.47548 
4.45202 
4.43537 
4.42407 
4.46017 
4.43456 
4.44863 
4.44705 
4.46371 
4.43976 
4.45812 
4.45606 
4.4488 
4.43296 
4.4529 
4.46134 
4.44161 
4.42293 
4.40705 
4.40471 
4.4295 
4.45766 
4.46245 
4.48291 
4.51922 
4.53014 
4.51776 
4.50615 
4.51229 
4.50087 
4.50684 
4.49101 
4.48909 
4.474 
4.48682 
4.50024 
4.48198 
4.48725 
4.50366 
4.50133 
4.5048 
4.52648 
4.52392 
4.52567 
4.4972 
4.51528 
4.50764 
4.49608 
4.48842 
4.4618 
4.47069 
4.45894 
4.46502 
4.45064 
4.45083 
4.44401 
4.42481 
4.4449 
4.40306 
4.42015 
4.3987 
4.414 
4.43672 
4.43584 
4.41741 
4.42501 
4.42484 
4.42885 
4.414 
4.4117 
4.41947 
4.42701 
4.43024 
4.42778 
4.43027 
4.4083 
4.40981 
4.40469 
4.41362 
4.37902 
4.36267 
4.36703 
4.34839 
4.33061 
4.34345 
4.34614 
4.34041 
4.35435 
4.33472 
4.34176 
4.36398 
4.37346 
4.35226 
4.35282 
4.34543 
4.33484 
4.32218 
4.29853 
4.29109 
4.30358 
4.29309 
4.29378 
4.31685 
4.32826 
4.32699 
4.33806 
4.35172 
4.36424 
4.36577 
4.35897 
4.3278 
4.32126 
4.28889 
4.28772 
4.27629 
4.26651 
4.28172 
4.27516 
4.28831 
4.27118 
4.27605 
4.28678 
4.2869 
4.26625 
4.25181 
4.27174 
4.27493 
4.27701 
4.3056 
4.31302 
4.29564 
4.31796 
4.31786 
4.31448 
4.30693 
4.28842 
4.29941 
4.28295 
4.31964 
4.30477 
4.302 
4.28635 
4.29554 
4.2892 
4.27601 
4.28768 
4.30396 
4.32598 
4.32841 
4.3285 
4.30316 
4.31253 
4.28417 
4.2941 
4.32874 
4.30951 
4.29925 
4.30373 
4.2918 
4.2905 
4.28588 
4.26791 
4.24782 
4.27964 
4.25819 
4.24485 
4.23152 
4.21593 
4.21937 
4.21433 
4.1776 
4.16004 
4.17111 
4.17145 
4.17875 
4.16922 
4.16649 
4.17808 
4.18835 
4.16017 
4.14264 
4.13787 
4.13404 
4.13297 
4.13425 
4.11787 
4.0992 
4.07991 
4.07644 
4.08591 
4.08869 
4.09174 
4.08065 
4.06679 
4.0693 
4.11398 
4.10099 
4.11834 
4.12502 
4.14303 
4.14985 
4.11614 
4.1381 
4.14395 
4.14261 
4.16314 
4.14861 
4.14212 
4.13121 
4.13322 
4.14064 
4.15298 
4.16359 
4.1857 
4.17841 
4.17351 
4.17912 
4.1751 
4.18473 
4.1647 
4.15222 
4.14472 
4.15102 
4.16461 
4.16184 
4.19143 
4.20629 
4.18307 
4.19777 
4.20035 
4.20626 
4.20186 
4.17927 
4.19627 
4.19397 
4.2127 
4.20114 
4.19499 
4.18437 
4.18023 
4.16203 
4.17782 
4.17727 
4.16722 
4.15458 
4.15619 
4.14676 
4.13089 
4.13226 
4.13661 
4.13525 
4.10973 
4.12369 
4.12704 
4.1439 
4.1504 
4.13584 
4.12562 
4.12339 
4.10575 
4.11531 
4.11672 
4.1342 
4.11335 
4.11104 
4.08346 
4.07647 
4.08858 
4.08845 
4.09465 
4.08004 
4.06832 
4.07617 
4.08173 
4.06899 
4.03623 
4.02256 
4.04587 
4.04341 
4.04757 
4.03748 
4.04097 
4.03085 
4.02215 
4.02777 
4.02812 
4.01781 
4.03451 
4.04542 
4.05124 
4.05471 
4.06148 
4.0654 
4.06233 
4.0465 
4.02269 
4.0183 
4.01048 
3.99409 
4.01581 
4.0184 
4.01731 
4.03393 
4.02846 
4.01947 
4.04113 
4.03599 
4.03473 
4.01661 
4.01966 
4.02742 
4.05715 
4.04602 
4.03157 
4.02096 
4.00622 
4.02041 
4.01143 
4.02078 
4.02657 
4.05728 
4.05505 
4.04637 
4.04593 
4.03966 
4.05799 
4.03525 
4.04536 
4.03928 
4.04887 
4.03934 
4.01368 
4.02507 
4.0118 
4.01616 
4.00486 
4.0084 
4.02722 
4.02962 
4.06476 
4.04643 
4.04398 
4.0495 
4.05424 
4.06565 
4.03489 
4.03383 
4.04015 
4.03891 
4.02354 
4.01618 
3.99837 
4.00342 
4.01001 
4.0076 
3.98524 
3.97895 
3.96029 
3.95242 
3.94353 
3.91071 
3.93543 
3.90812 
3.93175 
3.9363 
3.9571 
3.94077 
3.91837 
3.92294 
3.9466 
3.94852 
3.94354 
3.92456 
3.90829 
3.90693 
3.88342 
3.8851 
3.88377 
3.89103 
3.89519 
3.89646 
3.91691 
3.88989 
3.87561 
3.86984 
3.88772 
3.87385 
3.90218 
3.90912 
3.90409 
3.90636 
3.89358 
3.89552 
3.91113 
3.91441 
3.91972 
3.91805 
3.88425 
3.90339 
3.92971 
3.90719 
3.91292 
3.92713 
3.94775 
3.98 
3.97495 
3.96584 
3.97634 
3.96507 
3.9648 
3.98773 
3.98439 
3.97765 
3.96174 
3.94637 
3.93722 
3.93525 
3.95039 
3.93418 
3.9284 
3.94421 
3.95438 
3.9706 
3.95874 
3.94842 
3.94043 
3.90551 
3.90719 
3.91594 
3.92684 
3.90893 
3.90717 
3.9055 
3.90198 
3.89081 
3.86798 
3.8713 
3.86295 
3.86651 
3.81992 
3.79989 
3.80615 
3.80435 
3.79011 
3.79237 
3.76505 
3.77481 
3.76194 
3.75329 
3.74884 
3.74644 
3.74622 
3.75794 
3.77836 
3.7865 
3.79828 
3.80106 
3.78384 
3.7726 
3.77698 
3.77973 
3.78597 
3.78255 
3.77109 
3.77434 
3.77402 
3.76983 
3.7886 
3.79991 
3.82143 
3.83377 
3.81914 
3.80678 
3.81121 
3.81678 
3.8173 
3.8001 
3.7792 
3.77688 
3.81016 
3.81647 
3.82649 
3.82935 
3.82028 
3.82984 
3.80196 
3.80696 
3.81421 
3.80487 
3.8279 
3.82807 
3.80881 
3.80268 
3.80615 
3.80321 
3.81353 
3.82112 
3.79306 
3.79767 
3.77402 
3.77685 
3.78435 
3.75805 
3.75208 
3.75214 
3.7491 
3.74496 
3.74698 
3.73599 
3.72414 
3.7413 
3.72582 
3.74745 
3.74733 
3.74708 
3.73055 
3.71822 
3.71864 
3.72079 
3.72204 
3.72556 
3.70858 
3.70693 
3.70122 
3.67742 
3.66565 
3.67743 
3.69333 
3.68469 
3.69121 
3.68852 
3.698 
3.70024 
3.68535 
3.67134 
3.67392 
3.68769 
3.68571 
3.70489 
3.68773 
3.68325 
3.68553 
3.65582 
3.65953 
3.66758 
3.65533 
3.65458 
3.66382 
3.66522 
3.63907 
3.65142 
3.65869 
3.64322 
3.63765 
3.6327 
3.63431 
3.64519 
3.67221 
3.65638 
3.6742 
3.65967 
3.65009 
3.65869 
3.62458 
3.62745 
3.60583 
3.59819 
3.60748 
3.6052 
3.62153 
3.63671 
3.62823 
3.62884 
3.62829 
3.63945 
3.65823 
3.66587 
3.66228 
3.66889 
3.65762 
3.65839 
3.64085 
3.64684 
3.66629 
3.67294 
3.66559 
3.66943 
3.67898 
3.66782 
3.66906 
3.67892 
3.66457 
3.69243 
3.67344 
3.67571 
3.678 
3.68748 
3.68438 
3.67176 
3.65245 
3.67242 
3.69915 
3.69524 
3.67726 
3.6869 
3.69094 
3.70168 
3.68634 
3.67956 
3.69446 
3.66799 
3.65673 
3.64736 
3.6633 
3.65014 
3.64839 
3.65414 
3.64514 
3.65005 
3.65022 
3.64654 
3.61885 
3.58899 
3.58882 
3.59657 
3.57791 
3.57675 
3.56213 
3.54708 
3.53769 
3.52166 
3.53996 
3.52996 
3.5249 
3.52055 
3.51268 
3.51083 
3.50741 
3.51732 
3.52525 
3.50674 
3.52922 
3.52296 
3.51208 
3.5033 
3.51866 
3.51652 
3.49465 
3.52985 
3.52921 
3.5262 
3.53213 
3.51605 
3.52172 
3.52649 
3.54372 
3.51082 
3.52445 
3.51032 
3.51856 
3.51393 
3.50216 
3.50566 
3.49725 
3.50753 
3.50188 
3.52037 
3.52917 
3.52037 
3.51904 
3.54699 
3.54087 
3.54978 
3.54152 
3.55546 
3.5495 
3.54679 
3.55007 
3.56209 
3.57165 
3.55948 
3.56194 
3.54554 
3.54102 
3.53211 
3.53137 
3.51647 
3.52838 
3.5336 
3.5143 
3.50862 
3.51774 
3.53693 
3.51802 
3.535 
3.51921 
3.52146 
3.5358 
3.53441 
3.53246 
3.52807 
3.5155 
3.51984 
3.53381 
3.51861 
3.51412 
3.48578 
3.46368 
3.44416 
3.42623 
3.4476 
3.4416 
3.45119 
3.47185 
3.45759 
3.45988 
3.44683 
3.45266 
3.45592 
3.42919 
3.4447 
3.43882 
3.42829 
3.41877 
3.43447 
3.45 
3.43188 
3.44083 
3.43948 
3.44753 
3.45379 
3.4587 
3.45929 
3.44127 
3.44195 
3.43699 
3.42761 
3.4169 
3.40913 
3.40877 
3.43612 
3.4218 
3.4163 
3.41199 
3.39852 
3.39972 
3.39859 
3.38597 
3.38275 
3.39405 
3.38009 
3.37537 
3.35956 
3.36051 
3.36727 
3.36191 
3.36478 
3.38408 
3.38327 
3.37581 
3.38622 
3.38631 
3.39265 
3.38691 
3.38694 
3.38275 
3.38476 
3.3869 
3.39346 
3.39474 
3.41719 
3.41367 
3.40513 
3.41185 
3.42962 
3.42135 
3.42146 
3.42056 
3.40451 
3.39961 
3.39966 
3.42331 
3.42993 
3.42458 
3.42781 
3.44796 
3.42953 
3.44069 
3.43885 
3.42495 
3.4202 
3.42472 
3.41148 
3.43414 
3.42355 
3.43472 
3.44803 
3.46012 
3.43549 
3.41653 
3.41454 
3.41479 
3.41106 
3.39801 
3.38248 
3.39043 
3.39662 
3.39195 
3.37131 
3.36563 
3.35184 
3.36125 
3.37152 
3.35486 
3.3603 
3.34822 
3.33208 
3.3375 
3.3242 
3.32142 
3.30836 
3.3235 
3.31797 
3.30098 
3.27216 
3.27213 
3.28444 
3.28319 
3.2818 
3.27802 
3.28319 
3.28517 
3.27329 
3.26407 
3.26228 
3.28782 
3.299 
3.28021 
3.26572 
3.27521 
3.28361 
3.27439 
3.27987 
3.29616 
3.30399 
3.30076 
3.31247 
3.30835 
3.32265 
3.33076 
3.3217 
3.32471 
3.32968 
3.34053 
3.34995 
3.3442 
3.3397 
3.35051 
3.3443 
3.32849 
3.32256 
3.33545 
3.33755 
3.35287 
3.35887 
3.36701 
3.35777 
3.35223 
3.3612 
3.35789 
3.35004 
3.34253 
3.34498 
3.34031 
3.31656 
3.30934 
3.31727 
3.32502 
3.35055 
3.34374 
3.33078 
3.34183 
3.33212 
3.32756 
3.32236 
3.31538 
3.32069 
3.31559 
3.29773 
3.2986 
3.27766 
3.26639 
3.25162 
3.25916 
3.24614 
3.25555 
3.26163 
3.2603 
3.23321 
3.22517 
3.21137 
3.20395 
3.18648 
3.17765 
3.18596 
3.18637 
3.16216 
3.16893 
3.18169 
3.17399 
3.181 
3.17822 
3.17788 
3.18613 
3.19096 
3.1781 
3.17328 
3.18331 
3.16743 
3.18929 
3.19797 
3.20648 
3.21088 
3.21944 
3.21156 
3.238 
3.23882 
3.2453 
3.23207 
3.23539 
3.23684 
3.22064 
3.2277 
3.2226 
3.23155 
3.24023 
3.2173 
3.21639 
3.21367 
3.21715 
3.1852 
3.16538 
3.1797 
3.16388 
3.17355 
3.18812 
3.18042 
3.18652 
3.19316 
3.18154 
3.18429 
3.18428 
3.18409 
3.18835 
3.18657 
3.19193 
3.18627 
3.17235 
3.18495 
3.17484 
3.16726 
3.1626 
3.16848 
3.15279 
3.15248 
3.15886 
3.13828 
3.15689 
3.13765 
3.13721 
3.14707 
3.15989 
3.16999 
3.16731 
3.14996 
3.1498 
3.15832 
3.16349 
3.1498 
3.13261 
3.12882 
3.13213 
3.14609 
3.15191 
3.14643 
3.15819 
3.1581 
3.16929 
3.16622 
3.16561 
3.1808 
3.18049 
3.17105 
3.16521 
3.16569 
3.1664 
3.17516 
3.16472 
3.17596 
3.1785 
3.18126 
3.17796 
3.18004 
3.17036 
3.16585 
3.14694 
3.12463 
3.12777 
3.10576 
3.11819 
3.11349 
3.10193 
3.09601 
3.08431 
3.08528 
3.07315 
3.06917 
3.06194 
3.06664 
3.04396 
3.05063 
3.04834 
3.04974 
3.03917 
3.06337 
3.07362 
3.06471 
3.07316 
3.0607 
3.0808 
3.07775 
3.07967 
3.06376 
3.06526 
3.05066 
3.05721 
3.06206 
3.05215 
3.05649 
3.06694 
3.05528 
3.07299 
3.06866 
3.06681 
3.08365 
3.08495 
3.09511 
3.096 
3.07774 
3.07307 
3.08466 
3.09111 
3.0821 
3.09545 
3.09813 
3.10499 
3.12186 
3.11281 
3.09934 
3.1031 
3.11831 
3.09738 
3.1041 
3.10419 
3.09043 
3.08156 
3.10387 
3.10818 
3.10767 
3.10598 
3.10361 
3.07137 
3.08192 
3.07901 
3.08133 
3.0831 
3.08387 
3.07826 
3.06579 
3.05647 
3.05398 
3.0526 
3.04779 
3.04474 
3.04309 
3.02602 
3.01626 
3.00581 
3.00274 
2.98865 
2.98673 
2.9718 
2.98201 
2.99578 
2.99528 
3.00636 
3.00609 
3.01959 
3.00905 
3.0034 
3.00483 
3.01394 
3.02298 
3.03443 
3.04212 
3.04804 
3.05253 
3.0558 
3.08493 
3.06159 
3.06811 
3.06148 
3.05171 
3.05048 
3.06426 
3.03747 
3.0533 
3.04271 
3.02478 
3.0281 
3.03266 
3.03293 
3.01677 
3.01696 
3.01446 
3.00226 
2.98901 
2.99712 
2.99154 
2.99648 
3.00071 
3.01768 
3.00566 
3.00982 
3.00689 
3.01003 
3.0014 
3.01548 
3.01378 
3.02377 
3.0125 
3.01817 
2.99622 
3.00322 
3.00522 
2.99051 
2.99461 
2.99055 
3.00729 
3.00639 
3.02377 
3.0159 
3.00579 
3.00628 
3.01302 
3.00547 
3.01847 
3.02684 
3.00602 
3.00391 
2.98057 
2.98989 
2.97181 
2.97031 
2.97321 
2.96495 
2.97272 
2.98592 
2.97482 
2.95573 
2.93589 
2.9452 
2.9278 
2.93265 
2.9216 
2.9386 
2.9365 
2.94119 
2.95787 
2.94846 
2.95277 
2.94387 
2.94329 
2.94738 
2.96099 
2.94992 
2.95005 
2.946 
2.93902 
2.93774 
2.9316 
2.92288 
2.90738 
2.91048 
2.90877 
2.90308 
2.90909 
2.90773 
2.89273 
2.88118 
2.88191 
2.87837 
2.88134 
2.85755 
2.84781 
2.84467 
2.84868 
2.85597 
2.84941 
2.84478 
2.83906 
2.85141 
2.86064 
2.85748 
2.85975 
2.85475 
2.86768 
2.86156 
2.8714 
2.87307 
2.86949 
2.88277 
2.86973 
2.89635 
2.90484 
2.89015 
2.90123 
2.90914 
2.91394 
2.91054 
2.92425 
2.93959 
2.92577 
2.9332 
2.94472 
2.93795 
2.94975 
2.9413 
2.94101 
2.94297 
2.93489 
2.93077 
2.9276 
2.91714 
2.90659 
2.91085 
2.9193 
2.90995 
2.90652 
2.90234 
2.9086 
2.91759 
2.89965 
2.885 
2.86542 
2.85336 
2.85872 
2.84771 
2.84974 
2.84981 
2.85218 
2.85078 
2.85471 
2.86924 
2.86041 
2.84833 
2.82083 
2.83028 
2.83506 
2.81792 
2.82117 
2.81918 
2.81431 
2.82494 
2.80327 
2.81952 
2.80962 
2.80748 
2.79662 
2.8185 
2.82284 
2.82142 
2.81405 
2.81407 
2.8267 
2.81125 
2.7912 
2.79141 
2.79262 
2.79255 
2.77072 
2.77971 
2.78656 
2.78002 
2.79002 
2.79931 
2.78394 
2.79967 
2.79782 
2.80788 
2.8048 
2.79703 
2.79391 
2.78493 
2.7743 
2.79502 
2.79532 
2.78982 
2.81364 
2.81957 
2.80831 
2.81739 
2.80668 
2.82417 
2.82321 
2.80258 
2.8007 
2.80927 
2.79754 
2.7985 
2.79008 
2.80368 
2.80713 
2.81831 
2.8354 
2.83827 
2.8245 
2.83582 
2.82504 
2.82016 
2.83659 
2.82309 
2.82636 
2.82913 
2.82105 
2.83013 
2.82241 
2.81276 
2.7997 
2.7943 
2.78092 
2.77085 
2.75782 
2.7618 
2.77706 
2.76129 
2.77601 
2.7728 
2.77632 
2.77452 
2.79203 
2.77936 
2.78823 
2.77317 
2.76811 
2.76607 
2.75088 
2.75277 
2.74055 
2.7261 
2.71514 
2.71107 
2.70612 
2.71058 
2.70838 
2.70721 
2.7123 
2.70445 
2.71939 
2.70906 
2.72449 
2.71576 
2.71422 
2.71781 
2.69925 
2.69238 
2.69779 
2.70794 
2.70928 
2.69463 
2.70551 
2.71355 
2.72659 
2.71374 
2.73176 
2.73471 
2.73285 
2.73656 
2.73747 
2.72569 
2.72554 
2.73025 
2.71624 
2.7228 
2.71941 
2.71115 
2.71025 
2.71925 
2.71297 
2.71706 
2.70464 
2.70129 
2.68969 
2.6997 
2.70961 
2.70655 
2.696 
2.68166 
2.69256 
2.69373 
2.69547 
2.68226 
2.68498 
2.69583 
2.69361 
2.69498 
2.68567 
2.69161 
2.6856 
2.7032 
2.69865 
2.69485 
2.70024 
2.7113 
2.72046 
2.71796 
2.7232 
2.71635 
2.72379 
2.71862 
2.70305 
2.68235 
2.69099 
2.69196 
2.69841 
2.7043 
2.71651 
2.69331 
2.69626 
2.7069 
2.70889 
2.70455 
2.71132 
2.70783 
2.70978 
2.70274 
2.68681 
2.7052 
2.70054 
2.68497 
2.67833 
2.67865 
2.66109 
2.66836 
2.67088 
2.67154 
2.67626 
2.68366 
2.69336 
2.69256 
2.68862 
2.68581 
2.66853 
2.66124 
2.6391 
2.64126 
2.637 
2.64054 
2.64512 
2.64967 
2.62588 
2.63618 
2.6289 
2.62916 
2.6094 
2.6127 
2.5843 
2.57555 
2.57402 
2.55328 
2.55057 
2.54386 
2.57033 
2.56528 
2.58546 
2.58532 
2.60292 
2.5924 
2.59832 
2.60374 
2.60674 
2.60257 
2.60413 
2.60801 
2.62159 
2.60865 
2.61774 
2.62973 
2.63445 
2.63624 
2.62317 
2.60015 
2.5829 
2.58414 
2.59751 
2.62899 
2.62344 
2.63348 
2.63688 
2.64197 
2.66641 
2.66993 
2.66428 
2.67432 
2.69149 
2.67729 
2.67283 
2.66931 
2.65194 
2.65447 
2.65149 
2.6503 
2.63913 
2.61993 
2.62283 
2.62431 
2.62832 
2.60876 
2.59531 
2.58418 
2.58347 
2.56009 
2.57084 
2.56722 
2.55253 
2.54869 
2.53389 
2.53096 
2.5164 
2.52608 
2.53227 
2.53119 
2.53376 
2.5215 
2.52054 
2.51858 
2.51084 
2.50089 
2.51328 
2.52439 
2.53262 
2.52124 
2.52773 
2.54549 
2.54641 
2.54248 
2.54688 
2.5689 
2.561 
2.57093 
2.5648 
2.56366 
2.57836 
2.57776 
2.56153 
2.57108 
2.56848 
2.56384 
2.57121 
2.59586 
2.58103 
2.5837 
2.57832 
2.58636 
2.59418 
2.58872 
2.59114 
2.58975 
2.58022 
2.56773 
2.58006 
2.57938 
2.56921 
2.57499 
2.56346 
2.55482 
2.55297 
2.54514 
2.56187 
2.53166 
2.52776 
2.53298 
2.52469 
2.52474 
2.51783 
2.52325 
2.52887 
2.51787 
2.51827 
2.51298 
2.50845 
2.52068 
2.52143 
2.5257 
2.52359 
2.51599 
2.52449 
2.50393 
2.51467 
2.51092 
2.51128 
2.48973 
2.49973 
2.49159 
2.5049 
2.49594 
2.50485 
2.50425 
2.49622 
2.5106 
2.51307 
2.5186 
2.50715 
2.51549 
2.51631 
2.52159 
2.53184 
2.53247 
2.5339 
2.51251 
2.51181 
2.51151 
2.51606 
2.51802 
2.52322 
2.52159 
2.50936 
2.50048 
2.49349 
2.49199 
2.50432 
2.50203 
2.50591 
2.49754 
2.49929 
2.50814 
2.52042 
2.52074 
2.50761 
2.50242 
2.48242 
2.47743 
2.47115 
2.4699 
2.46647 
2.47566 
2.45942 
2.45885 
2.45408 
2.43652 
2.43846 
2.43958 
2.42906 
2.41105 
2.42385 
2.42628 
2.42631 
2.41487 
2.42681 
2.4231 
2.43596 
2.43924 
2.43715 
2.43628 
2.43276 
2.41856 
2.42634 
2.40759 
2.42079 
2.4154 
2.4302 
2.42826 
2.43207 
2.45002 
2.45642 
2.4409 
2.43758 
2.4433 
2.44866 
2.45827 
2.46517 
2.46757 
2.48776 
2.49562 
2.50896 
2.50058 
2.51535 
2.50991 
2.50386 
2.49344 
2.49616 
2.4968 
2.50076 
2.50273 
2.4972 
2.48718 
2.49537 
2.50939 
2.50441 
2.49024 
2.49479 
2.49255 
2.494 
2.47543 
2.4711 
2.44412 
2.44594 
2.4503 
2.44719 
2.42194 
2.43514 
2.42982 
2.42163 
2.42363 
2.4251 
2.41279 
2.39839 
2.39664 
2.38437 
2.38721 
2.38264 
2.37272 
2.3892 
2.39854 
2.39526 
2.38517 
2.40302 
2.39234 
2.37136 
2.36498 
2.37866 
2.36692 
2.36941 
2.37242 
2.37526 
2.35645 
2.37328 
2.36401 
2.37674 
2.37947 
2.38658 
2.38829 
2.39412 
2.40133 
2.39437 
2.40455 
2.39901 
2.39783 
2.40253 
2.41394 
2.4045 
2.40732 
2.40351 
2.38777 
2.38256 
2.39335 
2.37761 
2.35566 
2.36239 
2.36349 
2.36632 
2.37576 
2.38222 
2.39535 
2.40935 
2.40669 
2.39781 
2.39317 
2.39003 
2.38419 
2.37676 
2.3674 
2.35372 
2.3472 
2.35259 
2.35165 
2.32998 
2.35187 
2.34412 
2.33804 
2.33799 
2.33148 
2.33022 
2.32572 
2.30731 
2.29636 
2.2821 
2.27476 
2.29015 
2.28107 
2.29259 
2.29355 
2.29344 
2.30468 
2.29567 
2.29768 
2.29862 
2.31147 
2.32187 
2.30627 
2.31433 
2.31566 
2.31953 
2.32484 
2.30769 
2.31172 
2.31451 
2.30048 
2.31377 
2.30909 
2.30054 
2.29742 
2.2985 
2.29531 
2.2925 
2.32127 
2.32894 
2.33737 
2.33684 
2.34107 
2.34592 
2.34155 
2.34837 
2.359 
2.34248 
2.34307 
2.33675 
2.33799 
2.35085 
2.355 
2.34758 
2.34422 
2.3413 
2.34485 
2.33435 
2.33168 
2.33722 
2.33236 
2.33287 
2.3242 
2.32937 
2.32303 
2.30965 
2.3162 
2.31037 
2.30249 
2.3084 
2.30702 
2.29087 
2.29635 
2.28837 
2.28063 
2.29161 
2.2819 
2.27617 
2.2691 
2.2588 
2.26029 
2.26759 
2.25308 
2.2562 
2.25793 
2.26711 
2.27275 
2.27206 
2.26318 
2.257 
2.25903 
2.25802 
2.27211 
2.28194 
2.26734 
2.26254 
2.26189 
2.26251 
2.25867 
2.25791 
2.26478 
2.26666 
2.27577 
2.2769 
2.27301 
2.27929 
2.29804 
2.30753 
2.31591 
2.3083 
2.32109 
2.31953 
2.31107 
2.31169 
2.31832 
2.30782 
2.31179 
2.3123 
2.3115 
2.3269 
2.31732 
2.3231 
2.30635 
2.28748 
2.29204 
2.28013 
2.27671 
2.26499 
2.24748 
2.24445 
2.23734 
2.22701 
2.2167 
2.20552 
2.19395 
2.21097 
2.21979 
2.20453 
2.1976 
2.19166 
2.18856 
2.18341 
2.20607 
2.22508 
2.21939 
2.2281 
2.21871 
2.23063 
2.22156 
2.22162 
2.23937 
2.23798 
2.24826 
2.24734 
2.25323 
2.24859 
2.26237 
2.2552 
2.26285 
2.26697 
2.27745 
2.27053 
2.27796 
2.28678 
2.29186 
2.28851 
2.29272 
2.29852 
2.30196 
2.28951 
2.28986 
2.28048 
2.28009 
2.28331 
2.27171 
2.26119 
2.27022 
2.26438 
2.27772 
2.2598 
2.24563 
2.24447 
2.23829 
2.24216 
2.24062 
2.23833 
2.23238 
2.22904 
2.23021 
2.23578 
2.22662 
2.20872 
2.20395 
2.17977 
2.18235 
2.18061 
2.17482 
2.16979 
2.17378 
2.15737 
2.15323 
2.14243 
2.14725 
2.14506 
2.14246 
2.15079 
2.15244 
2.14862 
2.1478 
2.15313 
2.16768 
2.16593 
2.16632 
2.15881 
2.15254 
2.14623 
2.14982 
2.13826 
2.14384 
2.14631 
2.15165 
2.16319 
2.16945 
2.16644 
2.15769 
2.17227 
2.17345 
2.19072 
2.18775 
2.18141 
2.18848 
2.18975 
2.20149 
2.21439 
2.21771 
2.21695 
2.21056 
2.19766 
2.19999 
2.19208 
2.17452 
2.18573 
2.17187 
2.17844 
2.18517 
2.18301 
2.17178 
2.18187 
2.17745 
2.17988 
2.18226 
2.16823 
2.16265 
2.14747 
2.15014 
2.15059 
2.15664 
2.16492 
2.15291 
2.14234 
2.12943 
2.13395 
2.13802 
2.12655 
2.11753 
2.11619 
2.10678 
2.11455 
2.12048 
2.11705 
2.12535 
2.13199 
2.12045 
2.12628 
2.13969 
2.13635 
2.13334 
2.13701 
2.13218 
2.13678 
2.14056 
2.13264 
2.1402 
2.15276 
2.14681 
2.13829 
2.1413 
2.13018 
2.13824 
2.13083 
2.13558 
2.14004 
2.14646 
2.15134 
2.16269 
2.18167 
2.16912 
2.18807 
2.17833 
2.16919 
2.16823 
2.16573 
2.15352 
2.14281 
2.14497 
2.1398 
2.14755 
2.12795 
2.13712 
2.12981 
2.14291 
2.13637 
2.13956 
2.14131 
2.1398 
2.10789 
2.10505 
2.09058 
2.07437 
2.07144 
2.0654 
2.05659 
2.05531 
2.05956 
2.05954 
2.0687 
2.06471 
2.06596 
2.05672 
2.05202 
2.0642 
2.06997 
2.07051 
2.07911 
2.06891 
2.07705 
2.07792 
2.06724 
2.07111 
2.07355 
2.06591 
2.0601 
2.04471 
2.06477 
2.0589 
2.06868 
2.08288 
2.07742 
2.07807 
2.08458 
2.09272 
2.09278 
2.09766 
2.09228 
2.09497 
2.09746 
2.10909 
2.12062 
2.11274 
2.11182 
2.12785 
2.12587 
2.13109 
2.12724 
2.11175 
2.12241 
2.12659 
2.12795 
2.101 
2.10492 
2.101 
2.10688 
2.08953 
2.08327 
2.08075 
2.07326 
2.07871 
2.08593 
2.08183 
2.06928 
2.07245 
2.07496 
2.08772 
2.09035 
2.08965 
2.07753 
2.06689 
2.06016 
2.05925 
2.05086 
2.03168 
2.0255 
2.02761 
2.01835 
2.0223 
2.03557 
2.02474 
2.025 
2.0225 
2.01737 
2.02124 
2.03053 
2.03933 
2.02771 
2.01549 
2.00212 
2.00623 
1.99989 
2.00703 
2.00986 
2.0123 
2.01277 
2.01547 
2.03833 
2.03422 
2.02768 
2.03525 
2.03664 
2.03806 
2.03551 
2.03543 
2.03353 
2.04061 
2.02656 
2.03817 
2.04497 
2.04955 
2.04253 
2.03564 
2.0424 
2.03666 
2.03828 
2.04029 
2.03118 
2.043 
2.04205 
2.04271 
2.02764 
2.02092 
2.02667 
2.02769 
2.01435 
2.02033 
2.01742 
2.01074 
2.00567 
2.00006 
1.99895 
1.99122 
1.99328 
1.99098 
1.97499 
1.97823 
1.96833 
1.97913 
1.98186 
1.9718 
1.96804 
1.9739 
1.97854 
1.96583 
1.97277 
1.96729 
1.97637 
1.98178 
1.99398 
1.97886 
1.98656 
1.9802 
1.98274 
1.98866 
1.98862 
1.98338 
1.97471 
1.98321 
2.00005 
1.98473 
1.99109 
1.99447 
1.99582 
1.98969 
1.9925 
1.99524 
1.98405 
1.98737 
1.99193 
1.99803 
2.00215 
2.00972 
2.02276 
2.01474 
2.00667 
2.00092 
2.00062 
1.99589 
1.99534 
2.00284 
2.01442 
2.0127 
2.00883 
1.99501 
1.99498 
1.97864 
1.98818 
1.98715 
1.98098 
1.99639 
1.99496 
1.99087 
1.98257 
1.97811 
1.96054 
1.96067 
1.95941 
1.95754 
1.96344 
1.93958 
1.9419 
1.94789 
1.93077 
1.94051 
1.93093 
1.9226 
1.90819 
1.93233 
1.92883 
1.93116 
1.93834 
1.93007 
1.93637 
1.92447 
1.91921 
1.93318 
1.93062 
1.9251 
1.93397 
1.94086 
1.94086 
1.94514 
1.95576 
1.95929 
1.95504 
1.9544 
1.95975 
1.97105 
1.97648 
1.97686 
1.98031 
1.96619 
1.95289 
1.96159 
1.96681 
1.96145 
1.9539 
1.95512 
1.9472 
1.95231 
1.95229 
1.95191 
1.94611 
1.94277 
1.93687 
1.93069 
1.93717 
1.93554 
1.93626 
1.95236 
1.95094 
1.95995 
1.96569 
1.95786 
1.95774 
1.94443 
1.93796 
1.94612 
1.94354 
1.93363 
1.91793 
1.92455 
1.91575 
1.9038 
1.90088 
1.9023 
1.90741 
1.90546 
1.90805 
1.91007 
1.91735 
1.90338 
1.89453 
1.88961 
1.87804 
1.87677 
1.87582 
1.87025 
1.86114 
1.87197 
1.85989 
1.85411 
1.84754 
1.84886 
1.85397 
1.85154 
1.8626 
1.85239 
1.85289 
1.858 
1.86549 
1.88281 
1.87302 
1.88795 
1.88777 
1.89739 
1.90069 
1.89951 
1.89631 
1.89166 
1.8923 
1.90008 
1.89355 
1.8869 
1.88962 
1.88148 
1.8927 
1.90054 
1.89777 
1.90734 
1.90236 
1.9034 
1.9011 
1.89838 
1.89262 
1.89445 
1.892 
1.89344 
1.89121 
1.89208 
1.8874 
1.87734 
1.87103 
1.86122 
1.87762 
1.87063 
1.8648 
1.86443 
1.85641 
1.86062 
1.85404 
1.85576 
1.85254 
1.85028 
1.85255 
1.82946 
1.83298 
1.84053 
1.8239 
1.82185 
1.82798 
1.8192 
1.82163 
1.81538 
1.81148 
1.81815 
1.80962 
1.80589 
1.80933 
1.80611 
1.81277 
1.81455 
1.82564 
1.83727 
1.82762 
1.83142 
1.83128 
1.8347 
1.8317 
1.83944 
1.8464 
1.85845 
1.86158 
1.87351 
1.86725 
1.86989 
1.86168 
1.85949 
1.85369 
1.85651 
1.86731 
1.86708 
1.87447 
1.87093 
1.87532 
1.88784 
1.88234 
1.88489 
1.89221 
1.89329 
1.88139 
1.87857 
1.88123 
1.86032 
1.84431 
1.83292 
1.83173 
1.83413 
1.81922 
1.8239 
1.8183 
1.81435 
1.80626 
1.82298 
1.82126 
1.81619 
1.802 
1.78996 
1.78973 
1.79158 
1.78863 
1.79476 
1.79517 
1.77758 
1.7854 
1.79349 
1.7996 
1.79279 
1.79185 
1.79767 
1.79063 
1.78772 
1.77843 
1.77528 
1.76908 
1.77412 
1.7884 
1.78671 
1.78195 
1.78752 
1.79054 
1.80054 
1.80209 
1.81767 
1.81942 
1.825 
1.8343 
1.84157 
1.85914 
1.84434 
1.85005 
1.85364 
1.8465 
1.84971 
1.84067 
1.8532 
1.83804 
1.84358 
1.83792 
1.83005 
1.81924 
1.83454 
1.83032 
1.82956 
1.80444 
1.80755 
1.81342 
1.8013 
1.78898 
1.79106 
1.78528 
1.79188 
1.77938 
1.77792 
1.77813 
1.76718 
1.76391 
1.75661 
1.74609 
1.75841 
1.74689 
1.74975 
1.73853 
1.73741 
1.74531 
1.74307 
1.73605 
1.74035 
1.72735 
1.71823 
1.71932 
1.74015 
1.72449 
1.72876 
1.72808 
1.72449 
1.722 
1.72906 
1.72664 
1.71311 
1.7265 
1.72728 
1.72486 
1.71405 
1.72399 
1.72423 
1.72883 
1.73647 
1.7377 
1.74894 
1.75212 
1.75073 
1.75349 
1.75912 
1.75468 
1.76918 
1.76679 
1.77605 
1.77488 
1.7772 
1.76821 
1.77577 
1.77019 
1.77426 
1.7753 
1.78127 
1.7724 
1.776 
1.75272 
1.76085 
1.74734 
1.74738 
1.75178 
1.75318 
1.75298 
1.76696 
1.76525 
1.75846 
1.75422 
1.75153 
1.73707 
1.72316 
1.7252 
1.72673 
1.72846 
1.72949 
1.73762 
1.72729 
1.70856 
1.70681 
1.69598 
1.68653 
1.67829 
1.69594 
1.69035 
1.69307 
1.69858 
1.70821 
1.70938 
1.70302 
1.71175 
1.72457 
1.70897 
1.71884 
1.71719 
1.7188 
1.72977 
1.73523 
1.73542 
1.73847 
1.74402 
1.74292 
1.75581 
1.75561 
1.74632 
1.75288 
1.75046 
1.75198 
1.76118 
1.76203 
1.7607 
1.76306 
1.75984 
1.76222 
1.75988 
1.74911 
1.75606 
1.75818 
1.75438 
1.75613 
1.75143 
1.74352 
1.73707 
1.73851 
1.72724 
1.72347 
1.71771 
1.7259 
1.71474 
1.71239 
1.70666 
1.70125 
1.6988 
1.69984 
1.68771 
1.67703 
1.68595 
1.6727 
1.6636 
1.66371 
1.65887 
1.67711 
1.66057 
1.65859 
1.65165 
1.64399 
1.64318 
1.65197 
1.65612 
1.65169 
1.66327 
1.6749 
1.68015 
1.67067 
1.68167 
1.68316 
1.67592 
1.67735 
1.67648 
1.6628 
1.66256 
1.67904 
1.67062 
1.67195 
1.68494 
1.66959 
1.66267 
1.65551 
1.65971 
1.66645 
1.66338 
1.68173 
1.69243 
1.70111 
1.69789 
1.70829 
1.7109 
1.71699 
1.71966 
1.717 
1.71245 
1.70238 
1.71106 
1.71455 
1.72189 
1.71695 
1.71315 
1.71658 
1.71449 
1.70614 
1.69677 
1.69361 
1.69007 
1.69079 
1.68885 
1.66966 
1.65834 
1.6556 
1.64622 
1.63544 
1.64407 
1.63032 
1.63225 
1.63442 
1.6394 
1.64357 
1.63529 
1.62884 
1.62852 
1.62308 
1.61881 
1.61345 
1.60352 
1.60819 
1.61342 
1.60926 
1.61065 
1.60976 
1.61271 
1.61794 
1.62886 
1.62982 
1.62981 
1.61882 
1.6292 
1.62106 
1.61863 
1.62514 
1.63761 
1.63731 
1.64371 
1.64035 
1.64269 
1.6443 
1.65252 
1.644 
1.6403 
1.66123 
1.67324 
1.66929 
1.66007 
1.65366 
1.65974 
1.64834 
1.66622 
1.67625 
1.68055 
1.6773 
1.67312 
1.6723 
1.67477 
1.67727 
1.67912 
1.6769 
1.68986 
1.69225 
1.67929 
1.66718 
1.68031 
1.67712 
1.65073 
1.65956 
1.64044 
1.64184 
1.63743 
1.62556 
1.62573 
1.62269 
1.60444 
1.61521 
1.60939 
1.60333 
1.58842 
1.57884 
1.57811 
1.5839 
1.58623 
1.58511 
1.58105 
1.57036 
1.56211 
1.55416 
1.56346 
1.56029 
1.55481 
1.56156 
1.55586 
1.55209 
1.55337 
1.54652 
1.55046 
1.55723 
1.56699 
1.5846 
1.58781 
1.59121 
1.59308 
1.59534 
1.61713 
1.62308 
1.62004 
1.62057 
1.63386 
1.63728 
1.64065 
1.63451 
1.63143 
1.63311 
1.6257 
1.61138 
1.60989 
1.61042 
1.60686 
1.60578 
1.60966 
1.6195 
1.6079 
1.61109 
1.607 
1.60156 
1.60184 
1.60166 
1.60491 
1.60456 
1.59728 
1.59434 
1.5912 
1.59593 
1.6014 
1.59918 
1.61255 
1.60173 
1.60049 
1.5929 
1.59684 
1.58665 
1.57756 
1.58245 
1.57442 
1.56956 
1.5663 
1.57187 
1.56986 
1.57198 
1.56133 
1.55857 
1.56842 
1.56836 
1.57192 
1.56926 
1.56713 
1.5777 
1.58244 
1.5831 
1.58005 
1.57308 
1.56573 
1.56376 
1.56111 
1.56011 
1.5552 
1.56509 
1.57202 
1.56405 
1.56388 
1.57898 
1.5795 
1.59271 
1.60182 
1.59554 
1.59438 
1.59528 
1.59361 
1.59509 
1.60538 
1.60395 
1.60408 
1.6043 
1.60276 
1.60581 
1.60383 
1.60583 
1.59509 
1.58576 
1.57704 
1.57737 
1.56322 
1.5632 
1.55882 
1.55374 
1.54102 
1.53289 
1.53461 
1.53905 
1.5217 
1.52629 
1.51937 
1.5027 
1.50602 
1.50688 
1.50283 
1.51832 
1.51926 
1.51972 
1.52108 
1.51405 
1.50761 
1.50366 
1.50168 
1.49692 
1.49851 
1.49297 
1.49959 
1.49973 
1.49659 
1.49546 
1.50498 
1.50284 
1.50717 
1.50629 
1.5062 
1.50316 
1.5219 
1.51482 
1.52909 
1.52223 
1.53126 
1.54761 
1.54506 
1.54985 
1.54612 
1.55212 
1.55376 
1.55826 
1.55692 
1.54768 
1.5511 
1.55068 
1.5485 
1.54556 
1.54777 
1.53656 
1.54672 
1.54315 
1.54126 
1.54004 
1.54716 
1.54132 
1.54518 
1.54175 
1.54882 
1.55383 
1.54849 
1.54124 
1.53789 
1.53751 
1.52512 
1.52179 
1.52283 
1.52636 
1.51291 
1.50465 
1.50416 
1.50187 
1.50519 
1.48811 
1.48198 
1.47904 
1.46821 
1.47308 
1.46925 
1.48049 
1.48397 
1.47096 
1.47509 
1.46422 
1.47089 
1.47848 
1.47716 
1.4801 
1.48655 
1.48644 
1.48248 
1.49698 
1.49893 
1.49841 
1.49748 
1.50826 
1.50732 
1.52126 
1.52726 
1.51961 
1.52741 
1.52593 
1.52703 
1.53283 
1.53685 
1.54301 
1.53724 
1.53733 
1.52683 
1.52186 
1.5172 
1.5287 
1.52755 
1.5161 
1.51969 
1.5241 
1.51761 
1.52442 
1.5262 
1.51533 
1.51421 
1.50852 
1.5028 
1.50264 
1.49515 
1.4991 
1.49582 
1.49232 
1.49287 
1.48387 
1.47957 
1.48253 
1.48395 
1.47835 
1.47076 
1.47462 
1.46231 
1.45062 
1.45783 
1.44391 
1.44537 
1.43953 
1.4512 
1.45736 
1.46449 
1.46766 
1.46451 
1.47165 
1.47376 
1.47075 
1.4683 
1.47514 
1.46502 
1.47425 
1.4645 
1.4581 
1.46853 
1.46389 
1.46275 
1.46495 
1.46986 
1.47728 
1.48595 
1.48337 
1.4797 
1.48001 
1.48281 
1.48809 
1.48705 
1.47588 
1.46553 
1.46885 
1.47078 
1.47742 
1.47786 
1.47151 
1.46724 
1.46323 
1.46768 
1.46759 
1.46907 
1.47455 
1.47185 
1.47476 
1.47363 
1.46512 
1.46246 
1.46547 
1.45474 
1.46092 
1.45994 
1.46047 
1.45199 
1.4463 
1.44927 
1.44315 
1.44237 
1.438 
1.43204 
1.43627 
1.43514 
1.44086 
1.43936 
1.44371 
1.43186 
1.4311 
1.43148 
1.4264 
1.42868 
1.42973 
1.43036 
1.42296 
1.42852 
1.41825 
1.4252 
1.4259 
1.43138 
1.43357 
1.43831 
1.43893 
1.43022 
1.43365 
1.42635 
1.42899 
1.43492 
1.43378 
1.44017 
1.4437 
1.43817 
1.43933 
1.44498 
1.43784 
1.45103 
1.45236 
1.45412 
1.45582 
1.44812 
1.44468 
1.44434 
1.45078 
1.45471 
1.45592 
1.4577 
1.46472 
1.46473 
1.46682 
1.46053 
1.4549 
1.4438 
1.45068 
1.43822 
1.43579 
1.43521 
1.4312 
1.41676 
1.41248 
1.40196 
1.3984 
1.39603 
1.39625 
1.39849 
1.40027 
1.38566 
1.38119 
1.37909 
1.37537 
1.37143 
1.37077 
1.36579 
1.36383 
1.36549 
1.36315 
1.37183 
1.37613 
1.38367 
1.38076 
1.38243 
1.38396 
1.37331 
1.36602 
1.3726 
1.37418 
1.38215 
1.38263 
1.37857 
1.37637 
1.37868 
1.38362 
1.39344 
1.39898 
1.40862 
1.40466 
1.39698 
1.40722 
1.40824 
1.40504 
1.41013 
1.40679 
1.41624 
1.41471 
1.40145 
1.40623 
1.41273 
1.41838 
1.41416 
1.41932 
1.41308 
1.41212 
1.41121 
1.40814 
1.40019 
1.40015 
1.40672 
1.41794 
1.41557 
1.41492 
1.41015 
1.41019 
1.40256 
1.39847 
1.40131 
1.39603 
1.39518 
1.38639 
1.37246 
1.37728 
1.37419 
1.38186 
1.37463 
1.37843 
1.38017 
1.37607 
1.3683 
1.35963 
1.35059 
1.3468 
1.3402 
1.34156 
1.33932 
1.34257 
1.3332 
1.34377 
1.33966 
1.35064 
1.34963 
1.34963 
1.36016 
1.36242 
1.36545 
1.35666 
1.35596 
1.3568 
1.35039 
1.36177 
1.35479 
1.36223 
1.36383 
1.35347 
1.36238 
1.3723 
1.3892 
1.39086 
1.37666 
1.37476 
1.37912 
1.38839 
1.37942 
1.37643 
1.383 
1.37371 
1.36739 
1.36217 
1.37006 
1.37278 
1.37998 
1.37854 
1.38757 
1.3805 
1.37431 
1.36855 
1.36539 
1.36634 
1.36105 
1.34983 
1.34455 
1.33902 
1.33942 
1.34636 
1.32392 
1.32888 
1.31474 
1.32123 
1.31652 
1.30989 
1.31902 
1.31858 
1.32617 
1.32717 
1.32379 
1.32882 
1.32285 
1.32599 
1.32435 
1.31585 
1.32102 
1.32536 
1.31856 
1.31194 
1.32198 
1.33631 
1.33244 
1.33626 
1.3291 
1.32797 
1.32801 
1.33273 
1.34169 
1.34661 
1.34172 
1.35159 
1.34901 
1.35297 
1.35937 
1.3604 
1.36797 
1.37095 
1.38007 
1.37711 
1.37503 
1.37335 
1.37716 
1.37966 
1.37572 
1.38514 
1.38687 
1.37919 
1.37258 
1.36568 
1.37086 
1.35886 
1.36844 
1.36657 
1.36873 
1.3684 
1.37046 
1.36017 
1.36886 
1.36211 
1.36344 
1.35132 
1.3489 
1.34964 
1.34272 
1.33229 
1.32632 
1.32676 
1.32441 
1.32405 
1.31692 
1.30471 
1.30261 
1.29778 
1.29082 
1.29243 
1.2999 
1.30265 
1.30539 
1.29873 
1.29192 
1.29567 
1.29484 
1.29554 
1.29327 
1.28544 
1.2971 
1.29084 
1.29629 
1.30269 
1.30358 
1.30525 
1.30814 
1.31131 
1.31283 
1.30926 
1.31703 
1.31998 
1.31226 
1.30173 
1.29882 
1.30019 
1.30241 
1.29154 
1.29586 
1.31267 
1.31288 
1.29856 
1.29069 
1.28282 
1.29443 
1.29213 
1.29217 
1.29666 
1.29612 
1.28286 
1.29466 
1.2798 
1.28759 
1.28645 
1.29455 
1.29214 
1.29951 
1.30593 
1.3091 
1.30007 
1.30311 
1.30087 
1.30423 
1.30401 
1.29762 
1.29021 
1.29189 
1.29428 
1.29311 
1.27919 
1.27895 
1.27254 
1.2631 
1.2561 
1.25918 
1.26099 
1.25777 
1.2607 
1.25689 
1.25733 
1.24776 
1.24672 
1.24012 
1.25492 
1.25041 
1.24933 
1.24573 
1.23915 
1.24944 
1.25503 
1.25716 
1.25126 
1.25806 
1.25835 
1.25848 
1.26659 
1.26857 
1.27121 
1.26281 
1.25827 
1.25647 
1.27027 
1.26787 
1.26431 
1.26935 
1.26912 
1.26821 
1.26838 
1.26508 
1.27351 
1.27324 
1.27698 
1.27459 
1.28205 
1.29084 
1.28019 
1.28231 
1.27266 
1.25991 
1.26709 
1.26118 
1.26474 
1.25838 
1.2546 
1.25698 
1.25417 
1.25078 
1.25067 
1.24524 
1.24543 
1.23713 
1.2381 
1.23707 
1.22909 
1.23085 
1.22691 
1.23562 
1.23222 
1.23822 
1.23912 
1.239 
1.23366 
1.22882 
1.22819 
1.22616 
1.23465 
1.23545 
1.24143 
1.23981 
1.23725 
1.23634 
1.24358 
1.24881 
1.24765 
1.24363 
1.23324 
1.24306 
1.24378 
1.2457 
1.2383 
1.23556 
1.23608 
1.24099 
1.22625 
1.22952 
1.23236 
1.24494 
1.24793 
1.25192 
1.25398 
1.25198 
1.26551 
1.26673 
1.27568 
1.28135 
1.27139 
1.26937 
1.27668 
1.27622 
1.28204 
1.28349 
1.26964 
1.27304 
1.26221 
1.25153 
1.24713 
1.24752 
1.24853 
1.23625 
1.23927 
1.22812 
1.22824 
1.22991 
1.22464 
1.21549 
1.2074 
1.20135 
1.19695 
1.19828 
1.20004 
1.20085 
1.21321 
1.20848 
1.20373 
1.20583 
1.21114 
1.20956 
1.21913 
1.21778 
1.21675 
1.21053 
1.2115 
1.20477 
1.20499 
1.196 
1.18789 
1.19819 
1.19244 
1.19279 
1.19621 
1.18904 
1.19289 
1.19335 
1.19413 
1.19344 
1.2013 
1.20453 
1.20967 
1.21038 
1.21878 
1.2229 
1.22029 
1.21804 
1.21659 
1.22055 
1.21253 
1.20944 
1.20897 
1.21222 
1.21776 
1.21234 
1.21602 
1.21435 
1.219 
1.21094 
1.21703 
1.2114 
1.2129 
1.20414 
1.20795 
1.2125 
1.20923 
1.19497 
1.189 
1.18767 
1.18385 
1.18916 
1.188 
1.18044 
1.18175 
1.18654 
1.18209 
1.19118 
1.18418 
1.1709 
1.1761 
1.17448 
1.17519 
1.17531 
1.16919 
1.16273 
1.16535 
1.15896 
1.1621 
1.14844 
1.15699 
1.15084 
1.14963 
1.1468 
1.15086 
1.15495 
1.15862 
1.15328 
1.15178 
1.15502 
1.15779 
1.16405 
1.16453 
1.16906 
1.17195 
1.18165 
1.18318 
1.18296 
1.18376 
1.18911 
1.18846 
1.19113 
1.19422 
1.19112 
1.198 
1.20714 
1.20979 
1.20118 
1.20713 
1.20526 
1.21443 
1.21025 
1.21303 
1.22013 
1.22019 
1.21682 
1.2213 
1.21125 
1.20656 
1.2097 
1.21742 
1.2214 
1.20992 
1.20547 
1.19556 
1.19262 
1.19515 
1.19712 
1.19321 
1.18205 
1.18074 
1.16951 
1.16974 
1.18449 
1.17379 
1.16368 
1.16953 
1.15881 
1.15679 
1.15634 
1.15879 
1.15738 
1.15027 
1.1508 
1.15221 
1.14572 
1.14896 
1.15916 
1.14946 
1.15184 
1.14495 
1.14895 
1.14735 
1.14578 
1.14702 
1.15403 
1.14857 
1.14877 
1.15378 
1.15636 
1.16253 
1.1606 
1.16009 
1.16375 
1.17127 
1.18155 
1.18007 
1.18377 
1.18477 
1.18695 
1.18765 
1.18705 
1.18424 
1.18235 
1.18523 
1.18512 
1.1873 
1.18267 
1.18235 
1.16608 
1.16223 
1.15996 
1.15895 
1.15804 
1.15567 
1.16258 
1.15394 
1.15458 
1.16201 
1.16049 
1.15655 
1.1626 
1.15082 
1.1496 
1.1396 
1.13569 
1.12787 
1.12562 
1.1305 
1.13441 
1.13582 
1.13309 
1.13717 
1.13541 
1.13543 
1.13017 
1.13057 
1.1249 
1.1276 
1.1272 
1.12368 
1.12043 
1.12361 
1.1265 
1.13082 
1.13633 
1.13722 
1.13819 
1.13203 
1.13721 
1.14495 
1.15476 
1.15571 
1.15992 
1.16301 
1.16085 
1.16304 
1.16711 
1.16854 
1.17367 
1.17399 
1.16859 
1.16472 
1.1554 
1.15719 
1.15561 
1.15324 
1.14368 
1.15328 
1.13891 
1.13824 
1.13837 
1.1342 
1.13156 
1.14216 
1.13947 
1.13774 
1.13637 
1.13231 
1.12313 
1.11985 
1.11332 
1.12119 
1.11769 
1.11204 
1.10927 
1.11051 
1.10195 
1.10895 
1.10746 
1.12038 
1.11844 
1.12377 
1.11676 
1.11416 
1.11677 
1.10822 
1.11036 
1.11006 
1.09987 
1.09503 
1.09174 
1.09318 
1.0912 
1.09569 
1.09524 
1.094 
1.10009 
1.10467 
1.10194 
1.10757 
1.10534 
1.10547 
1.1111 
1.11067 
1.10469 
1.11409 
1.11122 
1.10408 
1.10068 
1.10398 
1.10971 
1.11195 
1.11626 
1.12111 
1.12236 
1.1165 
1.11967 
1.12042 
1.11621 
1.11986 
1.11335 
1.10311 
1.11023 
1.11337 
1.10925 
1.10951 
1.10235 
1.10007 
1.10031 
1.10308 
1.106 
1.10296 
1.1086 
1.09647 
1.10075 
1.09131 
1.09163 
1.09636 
1.10603 
1.09987 
1.10501 
1.09789 
1.09597 
1.09298 
1.09318 
1.08471 
1.07955 
1.06801 
1.0659 
1.0727 
1.08163 
1.07382 
1.08625 
1.07885 
1.07948 
1.07923 
1.07911 
1.07542 
1.07702 
1.08208 
1.08016 
1.08346 
1.08397 
1.08238 
1.08518 
1.07865 
1.07455 
1.07204 
1.07423 
1.07307 
1.07275 
1.07715 
1.07322 
1.0758 
1.07345 
1.07347 
1.06884 
1.072 
1.07489 
1.0745 
1.07073 
1.07328 
1.07245 
1.07024 
1.07359 
1.08529 
1.07956 
1.07535 
1.0806 
1.0794 
1.08209 
1.08447 
1.0755 
1.06953 
1.0612 
1.0595 
1.05385 
1.04563 
1.05338 
1.05242 
1.05841 
1.06017 
1.06391 
1.05845 
1.06122 
1.05975 
1.06588 
1.06296 
1.0526 
1.04734 
1.05448 
1.0411 
1.04085 
1.04291 
1.04287 
1.04418 
1.043 
1.05171 
1.04347 
1.05067 
1.04015 
1.03655 
1.0337 
1.03616 
1.03992 
1.03439 
1.0378 
1.03706 
1.03735 
1.04043 
1.04374 
1.04385 
1.04792 
1.04297 
1.99573 
2.0098 
2.01682 
2.03266 
2.06843 
2.0927 
2.12063 
2.15093 
2.18142 
2.20973 
2.24029 
2.25686 
2.26869 
2.27723 
2.27405 
2.28211 
2.26778 
2.26204 
2.2636 
2.25604 
2.25631 
2.26025 
2.25553 
2.24773 
2.22694 
2.22141 
2.22099 
2.21961 
2.22513 
2.23026 
2.22694 
2.21853 
2.21011 
2.21042 
2.21585 
2.21458 
2.21677 
2.22885 
2.23051 
2.23973 
2.24596 
2.23793 
2.23509 
2.23245 
2.22493 
2.22511 
2.21446 
2.21245 
2.20973 
2.21481 
2.21377 
2.21141 
2.20089 
2.20987 
2.21188 
2.2107 
2.21166 
2.20579 
2.21092 
2.20937 
2.21345 
2.21987 
2.2088 
2.1972 
2.18687 
2.1933 
2.18651 
2.17404 
2.171 
2.15962 
2.15269 
2.15373 
2.1502 
2.14864 
2.15052 
2.14731 
2.15432 
2.16248 
2.173 
2.17512 
2.1749 
2.17653 
2.17315 
2.17414 
2.18692 
2.19114 
2.19578 
2.18253 
2.17723 
2.17574 
2.17435 
2.17549 
2.17552 
2.18314 
2.19772 
2.19061 
2.18305 
2.19506 
2.20155 
2.19346 
2.19972 
2.2079 
2.20986 
2.21848 
2.21995 
2.2199 
2.22404 
2.23358 
2.23604 
2.23719 
2.23094 
2.23226 
2.22292 
2.21443 
2.19282 
2.18975 
2.18635 
2.18401 
2.16649 
2.15214 
2.13523 
2.13414 
2.13309 
2.13071 
2.12655 
2.13735 
2.15817 
2.1569 
2.13514 
2.124 
2.11481 
2.10159 
2.11114 
2.11513 
2.1102 
2.09574 
2.09769 
2.11225 
2.11654 
2.12873 
2.11585 
2.11829 
2.11581 
2.12287 
2.12276 
2.11299 
2.1192 
2.12201 
2.13149 
2.14794 
2.14806 
2.15796 
2.15433 
2.15193 
2.14407 
2.14518 
2.14789 
2.14698 
2.15112 
2.14844 
2.13362 
2.12665 
2.12576 
2.13436 
2.1381 
2.12099 
2.11914 
2.11204 
2.12138 
2.11274 
2.10927 
2.11227 
2.10581 
2.09775 
2.09946 
2.11218 
2.11007 
2.11671 
2.11899 
2.10983 
2.0993 
2.10328 
2.10793 
2.1023 
2.11163 
2.11631 
2.11887 
2.12225 
2.12634 
2.12578 
2.12186 
2.12355 
2.11176 
2.10293 
2.1066 
2.09943 
2.08983 
2.08328 
2.08122 
2.08324 
2.07541 
2.08159 
2.0757 
2.06777 
2.06331 
2.06164 
2.06939 
2.07795 
2.07728 
2.06588 
2.06061 
2.04901 
2.0485 
2.04886 
2.05905 
2.0642 
2.06187 
2.05571 
2.04849 
2.04253 
2.03592 
2.05065 
2.05582 
2.06304 
2.07332 
2.07497 
2.08568 
2.09461 
2.08885 
2.09336 
2.0968 
2.08416 
2.07831 
2.078 
2.08464 
2.07506 
2.07439 
2.08748 
2.08706 
2.0955 
2.09332 
2.09732 
2.09467 
2.0849 
2.07603 
2.0725 
2.07272 
2.08002 
2.07971 
2.06625 
2.07341 
2.0664 
2.0599 
2.05564 
2.04965 
2.03939 
2.03705 
2.03017 
2.04783 
2.05336 
2.05678 
2.05828 
2.05877 
2.05299 
2.04439 
2.04749 
2.03646 
2.02466 
2.02036 
2.02121 
2.0173 
2.02395 
2.03047 
2.03521 
2.04117 
2.0445 
2.05388 
2.06638 
2.06111 
2.05671 
2.04814 
2.04967 
2.06469 
2.07491 
2.07773 
2.0778 
2.07676 
2.07781 
2.07142 
2.06262 
2.07181 
2.07021 
2.06988 
2.06958 
2.0623 
2.0573 
2.05934 
2.05629 
2.05325 
2.05038 
2.03993 
2.0314 
2.0314 
2.03445 
2.02914 
2.01773 
2.01062 
1.99504 
1.98418 
1.98417 
1.97912 
1.98532 
1.98552 
1.98942 
1.99806 
2.008 
2.00656 
2.01084 
2.01562 
2.00968 
2.00466 
1.99756 
1.98991 
1.98415 
1.96933 
1.96781 
1.9735 
1.96137 
1.95182 
1.95409 
1.95625 
1.9531 
1.94761 
1.94197 
1.93702 
1.94219 
1.95863 
1.96343 
1.95608 
1.95272 
1.94309 
1.93598 
1.944 
1.95276 
1.96044 
1.97246 
1.96918 
1.97468 
1.97109 
1.98629 
1.98806 
1.99699 
2.01345 
2.02056 
2.02446 
2.03084 
2.0303 
2.02455 
2.01127 
2.02069 
2.01731 
2.02167 
2.02252 
2.03049 
2.0232 
2.00486 
2.00844 
2.01739 
2.02467 
2.02964 
2.02299 
2.0232 
2.03391 
2.02993 
2.02811 
2.02346 
2.01582 
2.0142 
2.02436 
2.00508 
2.00469 
2.00131 
1.99369 
1.96932 
1.97145 
1.96523 
1.95355 
1.96494 
1.95869 
1.96962 
1.96981 
1.96483 
1.95911 
1.95715 
1.96123 
1.9488 
1.93888 
1.94424 
1.94848 
1.94033 
1.94259 
1.93623 
1.93548 
1.93873 
1.9304 
1.91442 
1.91984 
1.92104 
1.91956 
1.92601 
1.92272 
1.91623 
1.92296 
1.91214 
1.91676 
1.93353 
1.93421 
1.93273 
1.92527 
1.92607 
1.92853 
1.92528 
1.92242 
1.91886 
1.9247 
1.92219 
1.93433 
1.93737 
1.93332 
1.92837 
1.93179 
1.94105 
1.94417 
1.93734 
1.92936 
1.91944 
1.90134 
1.90757 
1.90372 
1.91792 
1.91558 
1.91252 
1.91231 
1.89838 
1.90763 
1.89332 
1.8872 
1.88873 
1.90354 
1.89163 
1.89237 
1.8915 
1.89171 
1.88636 
1.89661 
1.88959 
1.88693 
1.89554 
1.90224 
1.91255 
1.91578 
1.91242 
1.92012 
1.91532 
1.9203 
1.9168 
1.91005 
1.90937 
1.9253 
1.92359 
1.91833 
1.90398 
1.9073 
1.91606 
1.92009 
1.92301 
1.90934 
1.90328 
1.889 
1.89068 
1.89733 
1.88504 
1.88316 
1.88437 
1.88185 
1.8735 
1.87378 
1.87441 
1.87884 
1.86762 
1.87218 
1.87416 
1.87993 
1.8915 
1.89491 
1.88441 
1.89155 
1.8867 
1.8852 
1.88991 
1.88638 
1.88394 
1.88169 
1.88469 
1.87177 
1.87018 
1.86913 
1.85349 
1.84951 
1.84188 
1.85013 
1.8426 
1.84418 
1.83433 
1.8334 
1.81987 
1.81823 
1.81927 
1.81684 
1.80741 
1.79651 
1.80118 
1.81337 
1.81245 
1.80708 
1.79768 
1.79952 
1.80477 
1.80519 
1.80856 
1.82178 
1.82022 
1.83503 
1.8408 
1.84144 
1.84259 
1.84772 
1.84505 
1.84029 
1.83508 
1.8281 
1.82345 
1.81463 
1.80529 
1.80818 
1.81245 
1.81174 
1.81831 
1.81942 
1.81428 
1.82142 
1.82824 
1.82608 
1.83861 
1.84187 
1.83795 
1.83798 
1.8317 
1.83693 
1.83797 
1.83556 
1.82689 
1.82596 
1.83173 
1.83707 
1.83255 
1.82262 
1.81706 
1.81538 
1.83329 
1.82879 
1.81722 
1.8225 
1.81799 
1.81233 
1.80176 
1.79967 
1.78355 
1.78628 
1.79385 
1.7936 
1.79774 
1.79092 
1.79084 
1.7955 
1.79808 
1.79723 
1.79348 
1.7931 
1.79157 
1.79413 
1.80258 
1.80883 
1.79883 
1.80415 
1.80353 
1.80554 
1.80929 
1.81269 
1.81618 
1.82015 
1.81902 
1.82037 
1.81106 
1.81672 
1.8179 
1.82006 
1.82431 
1.81992 
1.81291 
1.81045 
1.80429 
1.80073 
1.79327 
1.80295 
1.7992 
1.80036 
1.80706 
1.79014 
1.78248 
1.78563 
1.78902 
1.77742 
1.77976 
1.78045 
1.77084 
1.77696 
1.77563 
1.77865 
1.78473 
1.78502 
1.79308 
1.80286 
1.79558 
1.81084 
1.80693 
1.81613 
1.81451 
1.80605 
1.80111 
1.81302 
1.81059 
1.8056 
1.79645 
1.78933 
1.79478 
1.79339 
1.79494 
1.78552 
1.78397 
1.78539 
1.76938 
1.77009 
1.77212 
1.76756 
1.76569 
1.76003 
1.7682 
1.7778 
1.77436 
1.77889 
1.78917 
1.78814 
1.79311 
1.7926 
1.7947 
1.79205 
1.78894 
1.78293 
1.77634 
1.76392 
1.75926 
1.76412 
1.75586 
1.75182 
1.74515 
1.7368 
1.7335 
1.73045 
1.7338 
1.73287 
1.73569 
1.73337 
1.72529 
1.72211 
1.71875 
1.71866 
1.72412 
1.72338 
1.71243 
1.71767 
1.7205 
1.71206 
1.71318 
1.7111 
1.70554 
1.70712 
1.71493 
1.71575 
1.71476 
1.71656 
1.7017 
1.70478 
1.6974 
1.69593 
1.69576 
1.71216 
1.71635 
1.72015 
1.72976 
1.73632 
1.7353 
1.73642 
1.73606 
1.72979 
1.71677 
1.71816 
1.74035 
1.74291 
1.73567 
1.73365 
1.72716 
1.71559 
1.71799 
1.71908 
1.72498 
1.73176 
1.72865 
1.72654 
1.72935 
1.7379 
1.74141 
1.7327 
1.74294 
1.75047 
1.74348 
1.74557 
1.74567 
1.74254 
1.73698 
1.72918 
1.73096 
1.72761 
1.73001 
1.7322 
1.73427 
1.73841 
1.73714 
1.72579 
1.71539 
1.71123 
1.71219 
1.7071 
1.70598 
1.70904 
1.69712 
1.68573 
1.69047 
1.69395 
1.69352 
1.69676 
1.69755 
1.69039 
1.70145 
1.70314 
1.7061 
1.71512 
1.70655 
1.69994 
1.70201 
1.6948 
1.67817 
1.6614 
1.65474 
1.65332 
1.65149 
1.64406 
1.64391 
1.6496 
1.64893 
1.64713 
1.65307 
1.64987 
1.64203 
1.64121 
1.64065 
1.64603 
1.65279 
1.64999 
1.64166 
1.63804 
1.64326 
1.65545 
1.66717 
1.68248 
1.68265 
1.68323 
1.67489 
1.68571 
1.68293 
1.67679 
1.67592 
1.68154 
1.68906 
1.69591 
1.68737 
1.69006 
1.69088 
1.68864 
1.70133 
1.6944 
1.69019 
1.68677 
1.68013 
1.68349 
1.68471 
1.68852 
1.68626 
1.69818 
1.69691 
1.69348 
1.69972 
1.70032 
1.69356 
1.68244 
1.68052 
1.67489 
1.66408 
1.65241 
1.65844 
1.65212 
1.65097 
1.65907 
1.65811 
1.65481 
1.65739 
1.66053 
1.65075 
1.65103 
1.64824 
1.64269 
1.6353 
1.63022 
1.62799 
1.61791 
1.62119 
1.62914 
1.63185 
1.62909 
1.63799 
1.63935 
1.6473 
1.65622 
1.66116 
1.6655 
1.6692 
1.66671 
1.67034 
1.6727 
1.6679 
1.66613 
1.65891 
1.65146 
1.648 
1.64919 
1.64688 
1.63853 
1.61952 
1.61295 
1.60174 
1.59943 
1.60184 
1.61468 
1.60726 
1.61683 
1.61294 
1.59631 
1.59361 
1.59759 
1.59523 
1.59499 
1.60083 
1.60621 
1.61244 
1.60628 
1.60749 
1.61277 
1.61232 
1.61153 
1.61511 
1.61231 
1.60734 
1.61126 
1.60587 
1.60765 
1.61857 
1.61959 
1.60911 
1.59747 
1.58905 
1.58107 
1.58366 
1.57582 
1.58316 
1.57367 
1.57185 
1.57408 
1.57512 
1.57035 
1.58266 
1.58876 
1.59207 
1.60084 
1.60321 
1.58539 
1.57604 
1.57182 
1.57668 
1.58125 
1.58277 
1.58889 
1.58457 
1.59726 
1.5961 
1.58527 
1.58237 
1.58179 
1.57287 
1.57416 
1.5858 
1.57994 
1.57638 
1.55723 
1.56237 
1.55517 
1.55497 
1.54474 
1.54246 
1.53757 
1.53585 
1.54259 
1.55848 
1.56042 
1.56519 
1.55856 
1.55777 
1.57111 
1.57135 
1.57048 
1.57085 
1.57398 
1.57077 
1.57462 
1.57646 
1.5654 
1.56056 
1.55366 
1.55039 
1.55379 
1.55328 
1.55146 
1.5547 
1.55552 
1.54498 
1.5353 
1.53543 
1.52643 
1.52693 
1.53064 
1.53149 
1.53479 
1.5367 
1.53348 
1.5263 
1.52199 
1.52931 
1.53525 
1.53343 
1.53302 
1.53196 
1.54918 
1.54592 
1.54769 
1.55133 
1.5512 
1.5597 
1.5677 
1.57657 
1.57595 
1.57451 
1.5793 
1.58478 
1.58706 
1.58006 
1.58486 
1.57174 
1.56928 
1.57343 
1.57541 
1.58373 
1.58162 
1.57725 
1.57336 
1.58382 
1.5726 
1.57611 
1.56909 
1.55468 
1.5528 
1.54577 
1.5414 
1.5455 
1.54552 
1.54572 
1.5348 
1.54522 
1.54644 
1.53769 
1.53492 
1.52952 
1.53503 
1.52994 
1.52767 
1.52259 
1.51562 
1.50713 
1.51278 
1.51466 
1.50475 
1.50321 
1.49568 
1.48726 
1.4818 
1.49171 
1.48856 
1.49698 
1.49709 
1.50441 
1.50121 
1.49508 
1.50127 
1.50315 
1.50392 
1.51174 
1.50895 
1.50059 
1.50225 
1.50469 
1.49532 
1.49547 
1.49022 
1.4803 
1.47486 
1.47032 
1.46903 
1.47582 
1.4695 
1.46299 
1.46877 
1.46349 
1.47003 
1.47611 
1.49678 
1.51288 
1.51821 
1.50951 
1.50264 
1.50624 
1.50054 
1.4918 
1.48815 
1.48922 
1.48792 
1.48257 
1.49569 
1.49926 
1.50132 
1.50437 
1.49779 
1.50294 
1.49847 
1.49382 
1.49664 
1.4964 
1.48548 
1.49148 
1.48686 
1.47319 
1.47977 
1.48597 
1.48428 
1.47674 
1.47333 
1.46697 
1.4715 
1.46999 
1.46963 
1.47424 
1.47686 
1.47716 
1.46793 
1.46644 
1.46549 
1.47042 
1.46477 
1.4722 
1.47475 
1.46887 
1.47297 
1.48179 
1.47241 
1.47813 
1.47585 
1.47993 
1.48331 
1.49141 
1.48457 
1.47691 
1.46938 
1.46756 
1.46498 
1.46205 
1.45121 
1.4462 
1.44276 
1.44311 
1.44048 
1.44145 
1.44817 
1.45101 
1.45021 
1.46028 
1.46651 
1.4655 
1.46503 
1.46948 
1.46104 
1.46307 
1.4489 
1.45271 
1.44821 
1.44042 
1.44717 
1.45133 
1.44527 
1.44356 
1.4474 
1.44582 
1.43733 
1.43819 
1.43223 
1.42598 
1.4271 
1.42768 
1.43848 
1.43861 
1.43612 
1.43342 
1.43395 
1.43945 
1.44654 
1.45288 
1.45197 
1.45507 
1.44758 
1.44484 
1.44976 
1.44872 
1.44957 
1.45362 
1.45422 
1.45854 
1.45543 
1.45867 
1.46178 
1.4624 
1.46587 
1.4572 
1.46253 
1.46223 
1.46317 
1.46008 
1.46507 
1.45979 
1.4541 
1.46274 
1.4646 
1.45846 
1.45441 
1.45502 
1.465 
1.47273 
1.46896 
1.46074 
1.46326 
1.46632 
1.46112 
1.45723 
1.46118 
1.45882 
1.45751 
1.45167 
1.45072 
1.44728 
1.4408 
1.43477 
1.43463 
1.4366 
1.43197 
1.42799 
1.42497 
1.4249 
1.42942 
1.42292 
1.41961 
1.4176 
1.41199 
1.40711 
1.40828 
1.41651 
1.41854 
1.41967 
1.42492 
1.42414 
1.41232 
1.41339 
1.40457 
1.40551 
1.38992 
1.39469 
1.38573 
1.37756 
1.3819 
1.38966 
1.39258 
1.39477 
1.3981 
1.39928 
1.40349 
1.40861 
1.40515 
1.40348 
1.39927 
1.38755 
1.38796 
1.38957 
1.38632 
1.38772 
1.37952 
1.38491 
1.38494 
1.38215 
1.3972 
1.39978 
1.39533 
1.39803 
1.39474 
1.39855 
1.39837 
1.39955 
1.40341 
1.40493 
1.40964 
1.41611 
1.416 
1.41504 
1.40222 
1.39685 
1.3881 
1.38655 
1.37806 
1.37632 
1.37007 
1.3772 
1.3852 
1.38579 
1.37862 
1.37188 
1.37247 
1.3812 
1.38581 
1.38537 
1.38555 
1.38051 
1.37947 
1.39137 
1.38761 
1.39259 
1.39368 
1.39637 
1.39695 
1.39782 
1.39975 
1.4004 
1.40986 
1.39999 
1.39511 
1.39447 
1.39889 
1.40642 
1.39418 
1.39655 
1.40307 
1.4049 
1.40437 
1.40118 
1.39377 
1.3812 
1.38178 
1.37174 
1.36576 
1.36939 
1.37013 
1.37033 
1.36159 
1.36196 
1.37145 
1.38049 
1.39328 
1.38922 
1.38449 
1.3894 
1.39547 
1.39462 
1.392 
1.37941 
1.37219 
1.37092 
1.37925 
1.37007 
1.36384 
1.36699 
1.35966 
1.35516 
1.35691 
1.36164 
1.35324 
1.35175 
1.3489 
1.34374 
1.34895 
1.35399 
1.35772 
1.35586 
1.34088 
1.34188 
1.34772 
1.3455 
1.34802 
1.35945 
1.37018 
1.37122 
1.3636 
1.35522 
1.34548 
1.34199 
1.34079 
1.33961 
1.32983 
1.33616 
1.34538 
1.3442 
1.34849 
1.35044 
1.35129 
1.34481 
1.34313 
1.34314 
1.34435 
1.35024 
1.36111 
1.36333 
1.36214 
1.35999 
1.36051 
1.36886 
1.37741 
1.38018 
1.37528 
1.36907 
1.36507 
1.38223 
1.3829 
1.3821 
1.3753 
1.37748 
1.37195 
1.36795 
1.37242 
1.36827 
1.37788 
1.37591 
1.369 
1.35504 
1.3494 
1.35592 
1.34944 
1.35013 
1.34823 
1.35801 
1.34853 
1.33314 
1.32979 
1.33086 
1.3296 
1.3276 
1.3296 
1.3259 
1.32231 
1.32512 
1.32634 
1.31456 
1.30947 
1.30628 
1.30657 
1.29769 
1.28834 
1.28206 
1.29185 
1.28928 
1.28896 
1.29214 
1.28721 
1.28917 
1.29244 
1.30369 
1.31195 
1.31222 
1.30481 
1.30006 
1.30236 
1.30721 
1.3042 
1.29698 
1.29669 
1.30995 
1.3145 
1.32077 
1.32575 
1.32742 
1.33574 
1.33035 
1.32723 
1.33235 
1.33885 
1.33429 
1.32752 
1.31911 
1.31793 
1.31573 
1.32194 
1.32198 
1.31836 
1.31579 
1.31273 
1.30928 
1.30815 
1.30811 
1.31281 
1.31713 
1.31107 
1.314 
1.31627 
1.31221 
1.31566 
1.31864 
1.31423 
1.31791 
1.31747 
1.31199 
1.31237 
1.31822 
1.31603 
1.30975 
1.30913 
1.30908 
1.30944 
1.3053 
1.30006 
1.29538 
1.29113 
1.27894 
1.28407 
1.27866 
1.28222 
1.29296 
1.30028 
1.30305 
1.30237 
1.29593 
1.29442 
1.29225 
1.29152 
1.28112 
1.27212 
1.26586 
1.26354 
1.26369 
1.26944 
1.27496 
1.27145 
1.27711 
1.26546 
1.2701 
1.28287 
1.28198 
1.26914 
1.2665 
1.25871 
1.2501 
1.25325 
1.2563 
1.26954 
1.27193 
1.27278 
1.25923 
1.25 
1.24013 
1.23879 
1.23291 
1.24029 
1.24968 
1.24777 
1.24445 
1.24089 
1.24275 
1.2429 
1.25214 
1.2466 
1.24466 
1.24808 
1.25656 
1.25732 
1.26572 
1.25494 
1.25263 
1.26144 
1.25603 
1.25989 
1.26215 
1.2625 
1.26599 
1.25957 
1.26666 
1.26079 
1.25863 
1.256 
1.25098 
1.24997 
1.24832 
1.24235 
1.23835 
1.23857 
1.23779 
1.23768 
1.23954 
1.24046 
1.23438 
1.23112 
1.22702 
1.22171 
1.22181 
1.22642 
1.22869 
1.2347 
1.22935 
1.23368 
1.23845 
1.23419 
1.24288 
1.24758 
1.25792 
1.26345 
1.26344 
1.26973 
1.26824 
1.27008 
1.27115 
1.2721 
1.2652 
1.26087 
1.25581 
1.24422 
1.22984 
1.22605 
1.22593 
1.22078 
1.22431 
1.22469 
1.22449 
1.22725 
1.22418 
1.2155 
1.21245 
1.21227 
1.21511 
1.20969 
1.1999 
1.19399 
1.18884 
1.18746 
1.18947 
1.18977 
1.18818 
1.18786 
1.18834 
1.19704 
1.20474 
1.2069 
1.21882 
1.21491 
1.21781 
1.21933 
1.23069 
1.23426 
1.2304 
1.22517 
1.23373 
1.23411 
1.22729 
1.2196 
1.22095 
1.2085 
1.20651 
1.21546 
1.22313 
1.21806 
1.22157 
1.22522 
1.22506 
1.22343 
1.2292 
1.22549 
1.2252 
1.23074 
1.24007 
1.24953 
1.24906 
1.24575 
1.24283 
1.23916 
1.23081 
1.22401 
1.21328 
1.21774 
1.20889 
1.21745 
1.21684 
1.22229 
1.23267 
1.23361 
1.21928 
1.21473 
1.20637 
1.20267 
1.2019 
1.20571 
1.21075 
1.2125 
1.21211 
1.20517 
1.20978 
1.20524 
1.20824 
1.19335 
1.19548 
1.18352 
1.18147 
1.18013 
1.17955 
1.17664 
1.186 
1.18189 
1.18199 
1.19094 
1.20449 
1.19739 
1.19164 
1.19372 
1.19325 
1.18669 
1.19226 
1.18539 
1.18343 
1.18532 
1.18323 
1.18212 
1.18142 
1.18829 
1.18449 
1.18916 
1.18953 
1.19451 
1.19894 
1.19977 
1.20272 
1.19775 
1.20158 
1.20186 
1.20307 
1.20556 
1.21083 
1.22029 
1.2092 
1.20981 
1.19561 
1.18679 
1.18579 
1.18919 
1.18471 
1.17782 
1.1804 
1.18492 
1.18226 
1.18567 
1.17779 
1.1788 
1.18153 
1.18044 
1.18184 
1.18233 
1.1836 
1.17617 
1.17446 
1.16691 
1.1775 
1.17684 
1.17753 
1.17702 
1.1723 
1.17214 
1.17884 
1.17957 
1.17729 
1.1764 
1.17181 
1.16219 
1.15866 
1.1691 
1.17085 
1.1691 
1.17574 
1.175 
1.17381 
1.16683 
1.1651 
1.17029 
1.16745 
1.1663 
1.16478 
1.15952 
1.16834 
1.17561 
1.17782 
1.17978 
1.17213 
1.17021 
1.16196 
1.1558 
1.16186 
1.15692 
1.15306 
1.1587 
1.16588 
1.1703 
1.16838 
1.16485 
1.15869 
1.15658 
1.15353 
1.14993 
1.15302 
1.16261 
1.16145 
1.16161 
1.15797 
1.15494 
1.15132 
1.14793 
1.14568 
1.15295 
1.1489 
1.14833 
1.14338 
1.14112 
1.13909 
1.14086 
1.13936 
1.1367 
1.13659 
1.14087 
1.14508 
1.14886 
1.15051 
1.15264 
1.15788 
1.14765 
1.15282 
1.14972 
1.14539 
1.13857 
1.12468 
1.121 
1.12056 
1.11178 
1.11305 
1.12179 
1.12565 
1.13185 
1.13252 
1.1337 
1.13402 
1.13187 
1.1359 
1.13995 
1.14059 
1.14312 
1.13804 
1.14256 
1.14527 
1.14869 
1.15003 
1.1566 
1.16107 
1.16813 
1.16569 
1.1611 
1.16107 
1.17131 
1.16852 
1.16995 
1.16373 
1.15189 
1.1561 
1.15487 
1.14612 
1.14861 
1.15276 
1.15566 
1.16227 
1.16102 
1.15886 
1.15694 
1.15597 
1.16101 
1.1652 
1.16692 
1.17121 
1.15872 
1.15492 
1.13917 
1.1262 
1.12995 
1.13679 
1.13602 
1.13778 
1.12723 
1.11936 
1.12189 
1.12398 
1.11701 
1.11961 
1.13426 
1.13584 
1.13202 
1.12216 
1.121 
1.1068 
1.10555 
1.10744 
1.11173 
1.11966 
1.11822 
1.10777 
1.11095 
1.09476 
1.09826 
1.0954 
1.09874 
1.0979 
1.10176 
1.10107 
1.09898 
1.10298 
1.09868 
1.09122 
1.0911 
1.08401 
1.08153 
1.08752 
1.08655 
1.09156 
1.09303 
1.09056 
1.09401 
1.08651 
1.08991 
1.09111 
1.09103 
1.10407 
1.1068 
1.10768 
1.10661 
1.10025 
1.10114 
1.09722 
1.09496 
1.09281 
1.09304 
1.09943 
1.09654 
1.09823 
1.10196 
1.10361 
1.1064 
1.09822 
1.09079 
1.09469 
1.09206 
1.08575 
1.08864 
1.08566 
1.07816 
1.08318 
1.08108 
1.07957 
1.08139 
1.08722 
1.08744 
1.09424 
1.0949 
1.10162 
1.10351 
1.10719 
1.10487 
1.10183 
1.09454 
1.09509 
1.08739 
1.07654 
1.08011 
1.07929 
1.08564 
1.09187 
1.08937 
1.09732 
1.10628 
1.10805 
1.09632 
1.08577 
1.074 
1.06973 
1.06541 
1.0672 
1.07522 
1.07639 
1.07577 
1.07533 
1.0723 
1.07288 
1.0806 
1.07991 
1.08507 
1.08802 
1.08182 
1.07403 
1.07266 
1.07238 
1.07154 
1.0676 
1.06034 
1.06192 
1.06208 
1.06225 
1.0638 
1.06838 
1.06305 
1.06833 
1.06772 
1.06934 
1.06715 
1.07244 
1.06133 
1.05926 
1.05801 
1.05767 
1.05679 
1.06022 
1.06518 
1.06488 
1.06567 
1.06076 
1.05033 
1.05327 
1.04346 
1.03348 
1.03234 
1.03653 
1.04087 
1.04939 
1.05201 
1.05511 
1.06289 
1.06516 
1.06252 
1.07037 
1.07207 
1.0655 
1.05917 
1.06215 
1.06606 
1.06173 
1.06082 
1.06192 
1.06244 
1.06302 
1.06873 
1.05862 
1.06208 
1.0671 
1.07136 
1.07051 
1.07366 
1.07349 
1.06786 
1.06426 
1.06703 
1.05971 
1.05556 
1.05508 
1.06052 
1.05464 
1.04955 
1.05944 
1.05817 
1.05105 
1.05685 
1.05252 
1.04648 
1.04786 
1.04703 
1.04222 
1.03792 
1.02983 
1.02855 
1.03321 
1.02955 
1.02667 
1.02548 
1.03233 
1.03955 
1.04216 
1.03846 
1.04251 
1.03489 
1.0385 
1.03737 
1.02855 
1.02021 
1.0174 
1.03013 
1.02961 
1.03005 
1.03146 
1.03774 
1.03878 
1.04153 
1.04166 
1.03396 
1.03483 
1.03041 
1.03435 
1.04256 
1.04588 
1.03545 
1.04037 
1.03219 
1.0313 
1.02813 
1.02433 
1.02816 
1.03403 
1.03879 
1.04512 
1.04566 
1.03838 
1.03274 
1.03381 
1.03929 
1.03656 
1.03988 
1.03485 
1.03874 
1.0357 
1.03534 
1.03614 
1.04285 
1.03932 
1.03299 
1.02362 
1.01887 
1.02233 
1.01692 
1.01446 
1.00688 
1.0153 
1.01526 
1.01737 
1.0178 
1.01785 
1.02617 
1.02839 
1.03067 
1.02491 
1.02431 
1.02486 
1.02514 
1.01776 
1.01474 
1.01717 
1.01969 
1.01464 
1.01645 
1.01511 
1.00421 
0.998563 
1.00476 
1.00187 
1.00408 
1.00046 
0.99715 
1.00461 
1.00104 
0.991347 
0.988194 
0.994421 
0.995228 
0.995972 
0.994468 
0.995284 
1.00212 
0.994887 
0.992187 
0.996735 
0.990769 
0.986447 
0.990475 
0.990951 
0.986697 
0.985911 
0.979037 
0.976727 
0.978154 
0.985345 
0.988324 
0.981853 
0.985551 
0.99139 
0.996025 
1.00375 
1.0057 
1.0074 
1.00535 
1.00814 
1.00752 
1.00287 
0.992769 
0.989392 
0.99788 
0.996218 
1.00793 
0.997847 
0.998525 
1.00013 
1.00687 
1.00585 
1.0108 
1.00804 
0.999016 
0.993868 
0.989103 
0.992954 
0.986178 
0.978427 
0.983212 
0.982595 
0.980991 
0.979567 
0.974704 
0.973629 
0.976613 
0.978518 
0.978131 
0.977136 
0.973264 
0.978959 
0.976865 
0.983419 
0.986156 
0.982238 
0.980193 
0.985842 
0.989583 
0.988156 
0.998626 
1.00323 
0.99565 
0.9921 
0.995124 
0.989816 
0.991033 
0.992956 
0.995387 
0.99113 
0.994324 
0.984226 
0.98219 
0.987592 
0.990118 
0.988875 
0.98303 
0.97685 
0.979802 
0.980418 
0.972317 
0.971713 
0.963878 
0.956566 
0.955591 
0.954653 
0.953556 
0.95692 
0.962523 
0.966409 
0.966273 
0.968311 
0.965027 
0.958678 
0.960246 
0.966771 
0.967798 
0.962232 
0.959599 
0.956381 
0.960249 
0.955917 
0.947727 
0.945965 
0.944892 
0.951698 
0.961449 
0.960295 
0.96619 
0.967195 
0.970085 
0.972712 
0.967639 
0.963837 
0.961614 
0.966874 
0.966846 
0.966064 
0.956106 
0.965819 
0.967412 
0.975082 
0.975393 
0.977014 
0.973582 
0.975498 
0.972516 
0.978702 
0.98424 
0.994594 
0.987944 
0.987215 
0.991517 
0.991402 
0.995243 
0.984601 
0.974492 
0.970634 
0.977841 
0.977196 
0.980942 
0.974833 
0.97569 
0.970564 
0.974306 
0.972761 
0.966757 
0.970689 
0.963249 
0.969497 
0.970897 
0.969355 
0.974427 
0.96413 
0.95324 
0.942831 
0.942747 
0.954032 
0.956841 
0.958715 
0.956253 
0.95107 
0.954734 
0.94958 
0.948353 
0.944927 
0.938724 
0.932343 
0.928944 
0.923917 
0.917336 
0.910629 
0.909547 
0.91355 
0.907763 
0.904891 
0.91007 
0.916727 
0.919038 
0.919342 
0.915182 
0.907061 
0.903426 
0.906222 
0.911486 
0.913224 
0.91654 
0.925965 
0.923534 
0.927084 
0.931006 
0.938888 
0.941899 
0.944473 
0.950061 
0.952622 
0.959347 
0.962496 
0.973644 
0.976054 
0.973003 
0.9673 
0.974157 
0.978167 
0.971622 
0.966218 
0.970582 
0.97082 
0.970039 
0.965618 
0.971578 
0.96463 
0.960658 
0.958548 
0.94952 
0.94984 
0.952895 
0.946259 
0.944137 
0.937259 
0.931885 
0.924287 
0.928826 
0.929759 
0.934233 
0.93882 
0.940009 
0.946005 
0.941075 
0.938126 
0.939034 
0.934004 
0.934035 
0.932685 
0.936143 
0.944301 
0.942806 
0.933317 
0.929057 
0.925772 
0.922337 
0.924864 
0.927739 
0.921815 
0.929852 
0.936328 
0.93306 
0.925999 
0.924355 
0.927918 
0.923693 
0.915812 
0.917123 
0.915214 
0.919577 
0.918794 
0.920484 
0.92347 
0.922793 
0.909702 
0.903764 
0.900672 
0.902374 
0.902407 
0.911397 
0.928215 
0.923843 
0.927167 
0.924767 
0.92365 
0.918445 
0.910446 
0.902125 
0.899606 
0.892474 
0.903354 
0.896602 
0.903246 
0.906712 
0.911941 
0.907348 
0.898566 
0.908373 
0.899323 
0.895014 
0.89329 
0.889452 
0.891072 
0.891837 
0.898728 
0.892402 
0.895101 
0.896298 
0.899952 
0.904447 
0.898221 
0.897243 
0.891883 
0.895624 
0.895442 
0.894121 
0.897646 
0.899089 
0.898342 
0.903423 
0.90487 
0.90666 
0.906166 
0.906407 
0.911256 
0.916847 
0.913276 
0.909578 
0.905177 
0.914812 
0.916416 
0.919278 
0.912582 
0.912345 
0.914789 
0.917139 
0.916079 
0.923502 
0.921597 
0.91937 
0.911702 
0.908941 
0.903844 
0.908196 
0.908307 
0.91388 
0.914672 
0.912339 
0.908792 
0.906536 
0.909353 
0.902389 
0.909356 
0.911502 
0.911998 
0.904518 
0.900011 
0.898139 
0.895159 
0.892005 
0.893845 
0.895407 
0.89353 
0.899877 
0.903165 
0.897867 
0.898839 
0.886597 
0.889798 
0.890902 
0.885067 
0.87166 
0.86525 
0.860225 
0.858905 
0.863934 
0.862718 
0.866976 
0.865215 
0.867676 
0.862112 
0.867247 
0.871822 
0.868386 
0.871836 
0.872959 
0.871357 
0.875463 
0.882637 
0.881506 
0.879656 
0.880032 
0.883449 
0.878341 
0.887401 
0.890911 
0.898645 
0.897469 
0.897889 
0.895472 
0.888042 
0.887909 
0.883395 
0.888253 
0.889376 
0.883782 
0.880566 
0.886398 
0.894931 
0.892096 
0.897159 
0.89908 
0.896112 
0.892523 
0.891103 
0.891565 
0.891519 
0.895477 
0.891844 
0.892129 
0.892402 
0.890292 
0.88663 
0.881032 
0.874785 
0.876682 
0.864437 
0.859444 
0.851812 
0.850201 
0.851099 
0.853429 
0.854133 
0.853143 
0.848026 
0.84277 
0.845157 
0.84596 
0.843263 
0.849715 
0.852831 
0.847837 
0.849677 
0.844646 
0.840464 
0.844273 
0.844296 
0.836704 
0.836058 
0.830906 
0.833647 
0.83728 
0.841944 
0.849035 
0.856158 
0.84815 
0.853689 
0.858182 
0.864696 
0.86398 
0.862012 
0.864789 
0.868349 
0.862202 
0.863349 
0.861457 
0.866497 
0.866064 
0.86836 
0.87191 
0.869326 
0.8714 
0.870757 
0.863139 
0.865015 
0.869795 
0.871681 
0.876 
0.882267 
0.876385 
0.880884 
0.869279 
0.875404 
0.866555 
0.861664 
0.857636 
0.848796 
0.842314 
0.84957 
0.841993 
0.848326 
0.847824 
0.844687 
0.840788 
0.83502 
0.831065 
0.825212 
0.819205 
0.817385 
0.817736 
0.817421 
0.815768 
0.817264 
0.817923 
0.812736 
0.810128 
0.806631 
0.809063 
0.816622 
0.811507 
0.811884 
0.817723 
0.814336 
0.817314 
0.822899 
0.824187 
0.82686 
0.818575 
0.821472 
0.819698 
0.822192 
0.82338 
0.822799 
0.821578 
0.8329 
0.839482 
0.839445 
0.83831 
0.838819 
0.846938 
0.841774 
0.839881 
0.834743 
0.829505 
0.833714 
0.835571 
0.840249 
0.8455 
0.846 
0.849151 
0.851798 
0.853425 
0.846402 
0.848393 
0.853354 
0.852456 
0.852123 
0.849902 
0.846716 
0.852305 
0.850766 
0.850209 
0.848619 
0.838206 
0.832496 
0.828763 
0.822059 
0.824985 
0.814549 
0.811603 
0.808079 
0.799607 
0.796436 
0.795699 
0.794537 
0.788459 
0.787989 
0.789153 
0.790664 
0.787071 
0.787086 
0.787045 
0.791201 
0.788429 
0.788695 
0.788945 
0.793302 
0.791006 
0.786948 
0.793334 
0.797573 
0.799128 
0.798914 
0.794316 
0.79703 
0.800212 
0.795414 
0.797817 
0.796621 
0.794353 
0.790541 
0.797504 
0.801498 
0.798961 
0.807795 
0.809184 
0.817619 
0.812679 
0.816023 
0.819822 
0.81507 
0.811899 
0.819791 
0.824288 
0.828151 
0.826458 
0.819296 
0.818237 
0.821734 
0.814054 
0.818482 
0.823275 
0.814752 
0.817189 
0.805879 
0.807243 
0.807407 
0.809234 
0.812013 
0.805264 
0.804863 
0.803546 
0.803988 
0.803892 
0.803165 
0.798332 
0.80832 
0.803842 
0.808737 
0.808678 
0.803845 
0.807126 
0.80423 
0.804777 
0.804569 
0.812675 
0.809806 
0.809234 
0.807647 
0.811412 
0.806443 
0.799441 
0.804696 
0.798735 
0.797923 
0.792067 
0.790799 
0.79469 
0.799399 
0.796463 
0.794237 
0.795838 
0.792586 
0.790708 
0.789828 
0.788317 
0.783234 
0.786958 
0.791936 
0.790176 
0.792055 
0.789271 
0.790622 
0.798568 
0.796059 
0.801931 
0.800295 
0.799076 
0.79276 
0.796694 
0.797075 
0.802805 
0.796823 
0.795247 
0.796562 
0.791689 
0.792945 
0.791617 
0.789339 
0.781584 
0.778133 
0.777152 
0.773072 
0.769066 
0.768704 
0.770504 
0.770601 
0.774442 
0.777243 
0.774894 
0.760691 
0.765396 
0.771282 
0.771934 
0.779178 
0.786599 
0.788783 
0.790414 
0.79179 
0.78226 
0.786672 
0.787806 
0.776754 
0.769596 
0.770874 
0.778502 
0.777924 
0.776357 
0.784238 
0.786896 
0.787403 
0.791985 
0.79104 
0.782735 
0.779798 
0.781462 
0.78412 
0.784235 
0.775931 
0.777383 
0.77981 
0.780549 
0.791397 
0.790664 
0.789322 
0.795114 
0.790206 
0.794337 
0.79547 
0.805454 
0.803053 
0.808308 
0.804249 
0.802351 
0.798296 
0.80016 
0.794972 
0.791572 
0.78825 
0.793344 
0.7945 
0.784537 
0.780467 
0.783004 
0.775542 
0.774287 
0.776076 
0.771678 
0.769833 
0.765706 
0.770342 
0.76577 
0.766241 
0.765057 
0.764962 
0.762183 
0.761749 
0.757768 
0.757636 
0.758085 
0.753437 
0.746593 
0.735675 
0.735659 
0.733989 
0.738414 
0.738932 
0.738006 
0.736686 
0.740832 
0.740584 
0.738652 
0.746677 
0.753729 
0.758615 
0.753334 
0.761522 
0.765534 
0.768414 
0.75512 
0.755102 
0.757114 
0.760848 
0.764872 
0.768608 
0.762903 
0.767082 
0.770431 
0.772805 
0.776884 
0.780041 
0.779485 
0.779372 
0.779141 
0.778594 
0.775626 
0.773275 
0.773364 
0.777034 
0.770906 
0.769149 
0.763512 
0.761156 
0.766044 
0.764986 
0.766578 
0.763172 
0.759872 
0.754204 
0.765694 
0.760968 
0.759522 
0.754464 
0.752111 
0.748056 
0.741647 
0.736979 
0.730621 
0.731425 
0.728937 
0.72487 
0.726328 
0.736065 
0.73675 
0.73777 
0.732622 
0.73064 
0.730794 
0.72193 
0.717138 
0.722266 
0.725122 
0.72679 
0.726782 
0.72491 
0.727326 
0.722956 
0.719943 
0.723119 
0.716139 
0.719177 
0.724086 
0.723175 
0.721124 
0.722182 
0.72419 
0.71981 
0.725335 
0.722576 
0.725009 
0.729586 
0.727445 
0.727748 
0.726582 
0.724766 
0.729056 
0.73459 
0.735667 
0.733291 
0.73749 
0.738565 
0.736925 
0.740577 
0.736868 
0.73956 
0.738443 
0.738518 
0.737134 
0.736922 
0.736414 
0.733427 
0.736153 
0.735465 
0.743715 
0.745019 
0.748349 
0.751701 
0.751023 
0.747835 
0.745695 
0.740516 
0.736643 
0.735269 
0.746718 
0.746969 
0.747833 
0.736063 
0.729798 
0.729287 
0.728565 
0.730662 
0.73 
0.728502 
0.732007 
0.733649 
0.731133 
0.724854 
0.726496 
0.721813 
0.728344 
0.725096 
0.72885 
0.722693 
0.722478 
0.723152 
0.724931 
0.717439 
0.722408 
0.721241 
0.718749 
0.713854 
0.714031 
0.717497 
0.722116 
0.721783 
0.718854 
0.719443 
0.72621 
0.724236 
0.722005 
0.725512 
0.729923 
0.732984 
0.733497 
0.727143 
0.720951 
0.730586 
0.723755 
0.723287 
0.721083 
0.729961 
0.722073 
0.71951 
0.71405 
0.718945 
0.722543 
0.725009 
0.725943 
0.727145 
0.724727 
0.72235 
0.72257 
0.716688 
0.710057 
0.717916 
0.716567 
0.718061 
0.71117 
0.710926 
0.711778 
0.709155 
0.706347 
0.709857 
0.700102 
0.696425 
0.699488 
0.701167 
0.705861 
0.703443 
0.694273 
0.694582 
0.696686 
0.703446 
0.707866 
0.705076 
0.703526 
0.697364 
0.691613 
0.693923 
0.699712 
0.70325 
0.7028 
0.700573 
0.699482 
0.694998 
0.693714 
0.69822 
0.709197 
0.709658 
0.707531 
0.70453 
0.705496 
0.713418 
0.719096 
0.722006 
0.722819 
0.726034 
0.721507 
0.721196 
0.72286 
0.715251 
0.716319 
0.72049 
0.721777 
0.719987 
0.715875 
0.713386 
0.710195 
0.711442 
0.714881 
0.712736 
0.70691 
0.707493 
0.707178 
0.707892 
0.709653 
0.706045 
0.695329 
0.697282 
0.694274 
0.688926 
0.68582 
0.684638 
0.686523 
0.679137 
0.676217 
0.681249 
0.674966 
0.673121 
0.675275 
0.675807 
0.674322 
0.669916 
0.66468 
0.66621 
0.665044 
0.657995 
0.65606 
0.65398 
0.655356 
0.651643 
0.649693 
0.651716 
0.656304 
0.657701 
0.656987 
0.663443 
0.669927 
0.676616 
0.672767 
0.676421 
0.680821 
0.682298 
0.687049 
0.693617 
0.694526 
0.697755 
0.697709 
0.699739 
0.69399 
0.693591 
0.70163 
0.698211 
0.69889 
0.700876 
0.706643 
0.707449 
0.702491 
0.694912 
0.692867 
0.691615 
0.695935 
0.692117 
0.694465 
0.687275 
0.673944 
0.679414 
0.680234 
0.682031 
0.682783 
0.673099 
0.673805 
0.666779 
0.668451 
0.664183 
0.663559 
0.657849 
0.655336 
0.651209 
0.655899 
0.659736 
0.660854 
0.657407 
0.657602 
0.653276 
0.657037 
0.645508 
0.643951 
0.643611 
0.643863 
0.643534 
0.638657 
0.640583 
0.634349 
0.638301 
0.640302 
0.646069 
0.649925 
0.650319 
0.657573 
0.658095 
0.653709 
0.659643 
0.656914 
0.65671 
0.658758 
0.658429 
0.65784 
0.657008 
0.657097 
0.660868 
0.655511 
0.655605 
0.659414 
0.663515 
0.657962 
0.66024 
0.655406 
0.656001 
0.665238 
0.665845 
0.667639 
0.663828 
0.666587 
0.668629 
0.670119 
0.67035 
0.678067 
0.678593 
0.675047 
0.668586 
0.660933 
0.65934 
0.655664 
0.65325 
0.658364 
0.657494 
0.660945 
0.66502 
0.666088 
0.665837 
0.672381 
0.671938 
0.674274 
0.666744 
0.65833 
0.652267 
0.650394 
0.641019 
0.638903 
0.643507 
0.636162 
0.639646 
0.647883 
0.65509 
0.65913 
0.661906 
0.666221 
0.664365 
0.665461 
0.663043 
0.66098 
0.666306 
0.666645 
0.666642 
0.663517 
0.669913 
0.671423 
0.668194 
0.664391 
0.661042 
0.664493 
0.668188 
0.669786 
0.665031 
0.655533 
0.656777 
0.655912 
0.660162 
0.664682 
0.664381 
0.66745 
0.668359 
0.671965 
0.664842 
0.659397 
0.662344 
0.664983 
0.654985 
0.656947 
0.663727 
0.659504 
0.655025 
0.658551 
0.654057 
0.653039 
0.64986 
0.644543 
0.638314 
0.641736 
0.641218 
0.63448 
0.628626 
0.624488 
0.625378 
0.629255 
0.631884 
0.63051 
0.627534 
0.622437 
0.622782 
0.623237 
0.629951 
0.624244 
0.623992 
0.630552 
0.633555 
0.635005 
0.628049 
0.623455 
0.623813 
0.622797 
0.625156 
0.625938 
0.620176 
0.622002 
0.622778 
0.625267 
0.626409 
0.630087 
0.63242 
0.633661 
0.637045 
0.637728 
0.640858 
0.641516 
0.638496 
0.646984 
0.648403 
0.645271 
0.640958 
0.650833 
0.653791 
0.655358 
0.655884 
0.652217 
0.645914 
0.657813 
0.653958 
0.648991 
0.643398 
0.643552 
0.637523 
0.639808 
0.646936 
0.644005 
0.643973 
0.640936 
0.635409 
0.635075 
0.629342 
0.626158 
0.626503 
0.62532 
0.622782 
0.618964 
0.624673 
0.626751 
0.630911 
0.634465 
0.628246 
0.629334 
0.626152 
0.623769 
0.622863 
0.622801 
0.615487 
0.613621 
0.616161 
0.61385 
0.612539 
0.617491 
0.616199 
0.618137 
0.617869 
0.614909 
0.613495 
0.615467 
0.617791 
0.614153 
0.618905 
0.622177 
0.620248 
0.622924 
0.629234 
0.629417 
0.630154 
0.626718 
0.628742 
0.618283 
0.620583 
0.625369 
0.624793 
0.624605 
0.62896 
0.62542 
0.619932 
0.621363 
0.620628 
0.623429 
0.630088 
0.632586 
0.630608 
0.635599 
0.63652 
0.640476 
0.63563 
0.637064 
0.634228 
0.631085 
0.625387 
0.624145 
0.628964 
0.625486 
0.619248 
0.620673 
0.617831 
0.618176 
0.620577 
0.617339 
0.622423 
0.61681 
0.617894 
0.620543 
0.617725 
0.624507 
0.63125 
0.633105 
0.631092 
0.631362 
0.628276 
0.635467 
0.637077 
0.638544 
0.628605 
0.618319 
0.622044 
0.624627 
0.623247 
0.619196 
0.618154 
0.613863 
0.615841 
0.604369 
0.611587 
0.617199 
0.617228 
0.618225 
0.621202 
0.615635 
0.61228 
0.612017 
0.618332 
0.617399 
0.62211 
0.618892 
0.616462 
0.611881 
0.615244 
0.621199 
0.620104 
0.617139 
0.614609 
0.615631 
0.617345 
0.616696 
0.618821 
0.61688 
0.617813 
0.610405 
0.602165 
0.602355 
0.596517 
0.590888 
0.591626 
0.585667 
0.586788 
0.588756 
0.58626 
0.591433 
0.599297 
0.596123 
0.593563 
0.594465 
0.595624 
0.59979 
0.594392 
0.590836 
0.586316 
0.579909 
0.583412 
0.582019 
0.584029 
0.586645 
0.589281 
0.583577 
0.581994 
0.57961 
0.579645 
0.578857 
0.577353 
0.579144 
0.577443 
0.585335 
0.585002 
0.587734 
0.593917 
0.59586 
0.596075 
0.595554 
0.590397 
0.591961 
0.586628 
0.597234 
0.602655 
0.605838 
0.600019 
0.600708 
0.596071 
0.602383 
0.60651 
0.610127 
0.608046 
0.607813 
0.60387 
0.599573 
0.595712 
0.593792 
0.591194 
0.590478 
0.59695 
0.599243 
0.598632 
0.599446 
0.594816 
0.596633 
0.602076 
0.601653 
0.595667 
0.597399 
0.599717 
0.595842 
0.596565 
0.591986 
0.594449 
0.592255 
0.589806 
0.585411 
0.582938 
0.582255 
0.584159 
0.58088 
0.58957 
0.585281 
0.582503 
0.577462 
0.577151 
0.576838 
0.575507 
0.576641 
0.579751 
0.579909 
0.583386 
0.578767 
0.580888 
0.580892 
0.583087 
0.579258 
0.575134 
0.582573 
0.578616 
0.573916 
0.57285 
0.572506 
0.573391 
0.57641 
0.577421 
0.584109 
0.58562 
0.593626 
0.596627 
0.603009 
0.605954 
0.605186 
0.609336 
0.609025 
0.607118 
0.606176 
0.600979 
0.597377 
0.59775 
0.593399 
0.599641 
0.602906 
0.605204 
0.604137 
0.599995 
0.60343 
0.59974 
0.597276 
0.586957 
0.583369 
0.582129 
0.576144 
0.577631 
0.576175 
0.570285 
0.565159 
0.562478 
0.558457 
0.561181 
0.563479 
0.558847 
0.556746 
0.550279 
0.551466 
0.550508 
0.553451 
0.54841 
0.544331 
0.546448 
0.551555 
0.54994 
0.547946 
0.552277 
0.555771 
0.559132 
0.564264 
0.563217 
0.566287 
0.573031 
0.571221 
0.566474 
0.569251 
0.562878 
0.569194 
0.562719 
0.560134 
0.558759 
0.557966 
0.559661 
0.563454 
0.559585 
0.559775 
0.563846 
0.567852 
0.562029 
0.568577 
0.563261 
0.563241 
0.573045 
0.570029 
0.573436 
0.574569 
0.567655 
0.565443 
0.560961 
0.560556 
0.55715 
0.561944 
0.568277 
0.558726 
0.561883 
0.566016 
0.56977 
0.564318 
0.567449 
0.570166 
0.572491 
0.569871 
0.571096 
0.564281 
0.563644 
0.565691 
0.569113 
0.565172 
0.565097 
0.566392 
0.567497 
0.562769 
0.5622 
0.56361 
0.559474 
0.559792 
0.55927 
0.55566 
0.550806 
0.555719 
0.552501 
0.552624 
0.5496 
0.549077 
0.551521 
0.548918 
0.5485 
0.546632 
0.547638 
0.550001 
0.546375 
0.543686 
0.544195 
0.544853 
0.544299 
0.544059 
0.542807 
0.542305 
0.544362 
0.541841 
0.541369 
0.544109 
0.545648 
0.547228 
0.546744 
0.550104 
0.548893 
0.547289 
0.540752 
0.538359 
0.544761 
0.550694 
0.552888 
0.553798 
0.553377 
0.549435 
0.551765 
0.551614 
0.55902 
0.55935 
0.554436 
0.55123 
0.548075 
0.549552 
0.55206 
0.555428 
0.555975 
0.554528 
0.556571 
0.557313 
0.552966 
0.546811 
0.551999 
0.553919 
0.550549 
0.544616 
0.544689 
0.549183 
0.555029 
0.558778 
0.561763 
0.560884 
0.557838 
0.558923 
0.555704 
0.553695 
0.548936 
0.542825 
0.538026 
0.539623 
0.540141 
0.537931 
0.533971 
0.538018 
0.533058 
0.534646 
0.536924 
0.540632 
0.547792 
0.549022 
0.543083 
0.538802 
0.540519 
0.540936 
0.537138 
0.54269 
0.539712 
0.536694 
0.538491 
0.536178 
0.538426 
0.533815 
0.537675 
0.540471 
0.541385 
0.549905 
0.552174 
0.555199 
0.553251 
0.55705 
0.559552 
0.560052 
0.564718 
0.556182 
0.549052 
0.55146 
0.556057 
0.553809 
0.552581 
0.551295 
0.548629 
0.546244 
0.547375 
0.551421 
0.546087 
0.541701 
0.538607 
0.534864 
0.531155 
0.531954 
0.537223 
0.54067 
0.537869 
0.537947 
0.536887 
0.537154 
0.541048 
0.533678 
0.53933 
0.532222 
0.531002 
0.526583 
0.526475 
0.525266 
0.524342 
0.523345 
0.5248 
0.524863 
0.529665 
0.539011 
0.536932 
0.538063 
0.54229 
0.541424 
0.545558 
0.542406 
0.542324 
0.538843 
0.541108 
0.5357 
0.532475 
0.526068 
0.528116 
0.527435 
0.526085 
0.528235 
0.533382 
0.536268 
0.54323 
0.543442 
0.538222 
0.547997 
0.547424 
0.542966 
0.54503 
0.540465 
0.538347 
0.5346 
0.532741 
0.539808 
0.538673 
0.540368 
0.536265 
0.536504 
0.536421 
0.542085 
0.529953 
0.522735 
0.519911 
0.52201 
0.527858 
0.53118 
0.523536 
0.528968 
0.529362 
0.528771 
0.530348 
0.523364 
0.51922 
0.519296 
0.520047 
0.521809 
0.522937 
0.523315 
0.524382 
0.517478 
0.514968 
0.518572 
0.520491 
0.521613 
0.525265 
0.52452 
0.522558 
0.520615 
0.52174 
0.520845 
0.520462 
0.518115 
0.510432 
0.510176 
0.510835 
0.518741 
0.517787 
0.519951 
0.519344 
0.51912 
0.522718 
0.517561 
0.515857 
0.510999 
0.508536 
0.506615 
0.506833 
0.512415 
0.518654 
0.519616 
0.521165 
0.525959 
0.523303 
0.528585 
0.52871 
0.526424 
0.524141 
0.521813 
0.521255 
0.516878 
0.522344 
0.523331 
0.523943 
0.520924 
0.516791 
0.51878 
0.516681 
0.511058 
0.513014 
0.505189 
0.505772 
0.505372 
0.508039 
0.505706 
0.494614 
0.491032 
0.494384 
0.496026 
0.499527 
0.501727 
0.501135 
0.499711 
0.49737 
0.497898 
0.493321 
0.492941 
0.500166 
0.501125 
0.503386 
0.503655 
0.50471 
0.505442 
0.503547 
0.504514 
0.494918 
0.494506 
0.49839 
0.500621 
0.495501 
0.497681 
0.496724 
0.506513 
0.504438 
0.506953 
0.505745 
0.508173 
0.507961 
0.510917 
0.511187 
0.511272 
0.508614 
0.509698 
0.504766 
0.499903 
0.49567 
0.49567 
0.500921 
0.5075 
0.505708 
0.502079 
0.494629 
0.491751 
0.49571 
0.49921 
0.501378 
0.503494 
0.503487 
0.501752 
0.503619 
0.509313 
0.508019 
0.507006 
0.501939 
0.500995 
0.500439 
0.496653 
0.49277 
0.497579 
0.498159 
0.49299 
0.489882 
0.489144 
0.490526 
0.487096 
0.490981 
0.49407 
0.494075 
0.492135 
0.499116 
0.494483 
0.48805 
0.481146 
0.473306 
0.478772 
0.485954 
0.486495 
0.48349 
0.477536 
0.480994 
0.485549 
0.489297 
0.497317 
0.493178 
0.491106 
0.495957 
0.49632 
0.495549 
0.49569 
0.501081 
0.502577 
0.501461 
0.505229 
0.510909 
0.506389 
0.498188 
0.493736 
0.494431 
0.49627 
0.4949 
0.49614 
0.49317 
0.486168 
0.487562 
0.489168 
0.489867 
0.49175 
0.49756 
0.496167 
0.498503 
0.495978 
0.496564 
0.496294 
0.494698 
0.49106 
0.49174 
0.494851 
0.49426 
0.494349 
0.492065 
0.490739 
0.481271 
0.48111 
0.48625 
0.485821 
0.483126 
0.474049 
0.476775 
0.469381 
0.464984 
0.461866 
0.460401 
0.463471 
0.465015 
0.461819 
0.465085 
0.470369 
0.467344 
0.46883 
0.471895 
0.477971 
0.474408 
0.472139 
0.479217 
0.485431 
0.484964 
0.479892 
0.479314 
0.478673 
0.475963 
0.478039 
0.482452 
0.484122 
0.487907 
0.483657 
0.477596 
0.479972 
0.478518 
0.477561 
0.48258 
0.481717 
0.485357 
0.480502 
0.479656 
0.480518 
0.482761 
0.485738 
0.481573 
0.487336 
0.484379 
0.489014 
0.489248 
0.493008 
0.49079 
0.4965 
0.499464 
0.49787 
0.498685 
0.498399 
0.497634 
0.498088 
0.491709 
0.482637 
0.479218 
0.478129 
0.477767 
0.48075 
0.485621 
0.482404 
0.481664 
0.476067 
0.474976 
0.476192 
0.474934 
0.471762 
0.472619 
0.472071 
0.473446 
0.47733 
0.4718 
0.467078 
0.46928 
0.46707 
0.468563 
0.467277 
0.467988 
0.463388 
0.463119 
0.465792 
0.463369 
0.46638 
0.465648 
0.467273 
0.46906 
0.468903 
0.47493 
0.47097 
0.471175 
0.473348 
0.471386 
0.470926 
0.474111 
0.475513 
0.478176 
0.480629 
0.485768 
0.484794 
0.481798 
0.482435 
0.484949 
0.480637 
0.47877 
0.478039 
0.474693 
0.471725 
0.475762 
0.471106 
0.472007 
0.46981 
0.462413 
0.460697 
0.457539 
0.45912 
0.459227 
0.456292 
0.457543 
0.456877 
0.460005 
0.460693 
0.460722 
0.459267 
0.463397 
0.4648 
0.469391 
0.470974 
0.471619 
0.470488 
0.464645 
0.465068 
0.460419 
0.458189 
0.457575 
0.453669 
0.457235 
0.45218 
0.454198 
0.451266 
0.452896 
0.45013 
0.453369 
0.447257 
0.446539 
0.450317 
0.447352 
0.446793 
0.448119 
0.44856 
0.448918 
0.448497 
0.457099 
0.457821 
0.456394 
0.460003 
0.458965 
0.464392 
0.46835 
0.469854 
0.467344 
0.467478 
0.468954 
0.464663 
0.467477 
0.468714 
0.469968 
0.473414 
0.471095 
0.467082 
0.469293 
0.475434 
0.478461 
0.476907 
0.477475 
0.473098 
0.467892 
0.468542 
0.47399 
0.476618 
0.474877 
0.469329 
0.46774 
0.466636 
0.465694 
0.467335 
0.463368 
0.465225 
0.463291 
0.46248 
0.454664 
0.453746 
0.448834 
0.444504 
0.439229 
0.447503 
0.446765 
0.444148 
0.448185 
0.4485 
0.451276 
0.451059 
0.452055 
0.450465 
0.444472 
0.442613 
0.441579 
0.436694 
0.438101 
0.434495 
0.436095 
0.441261 
0.443092 
0.445844 
0.448098 
0.451795 
0.45779 
0.455802 
0.457981 
0.452224 
0.445483 
0.451106 
0.451939 
0.451471 
0.450785 
0.452509 
0.452323 
0.449307 
0.449214 
0.448762 
0.449694 
0.455327 
0.456656 
0.457008 
0.458978 
0.460137 
0.458927 
0.458391 
0.461809 
0.4596 
0.465158 
0.465995 
0.461421 
0.461439 
0.456922 
0.458866 
0.458617 
0.453952 
0.453759 
0.453431 
0.450643 
0.449918 
0.446038 
0.448484 
0.445199 
0.444126 
0.438356 
0.441213 
0.439185 
0.432892 
0.429893 
0.426562 
0.425993 
0.428295 
0.433863 
0.433299 
0.427809 
0.429884 
0.425318 
0.421961 
0.42761 
0.428529 
0.433608 
0.430131 
0.428133 
0.428143 
0.428986 
0.431974 
0.433011 
0.433331 
0.427501 
0.429658 
0.433602 
0.439772 
0.443891 
0.44612 
0.450048 
0.451563 
0.457015 
0.459975 
0.457523 
0.460517 
0.462465 
0.46612 
0.46503 
0.461505 
0.456682 
0.452745 
0.454536 
0.452119 
0.451159 
0.448627 
0.44245 
0.442612 
0.43994 
0.440958 
0.440135 
0.439638 
0.436408 
0.435959 
0.439102 
0.439675 
0.446387 
0.443992 
0.44193 
0.436818 
0.430538 
0.430602 
0.429688 
0.427941 
0.424887 
0.421811 
0.422676 
0.421624 
0.416875 
0.417873 
0.4166 
0.414234 
0.418737 
0.417546 
0.420504 
0.41541 
0.412063 
0.414874 
0.416268 
0.415509 
0.419571 
0.422757 
0.424968 
0.425534 
0.429881 
0.428712 
0.429227 
0.434189 
0.428852 
0.427531 
0.428577 
0.429737 
0.429304 
0.429423 
0.42578 
0.427299 
0.429351 
0.433798 
0.432906 
0.438763 
0.43737 
0.438972 
0.440478 
0.442697 
0.442514 
0.445688 
0.439952 
0.437856 
0.437798 
0.434421 
0.433296 
0.431998 
0.430342 
0.432073 
0.429256 
0.425474 
0.42423 
0.427786 
0.425498 
0.429269 
0.425633 
0.421497 
0.417358 
0.411882 
0.408344 
0.409743 
0.413381 
0.410083 
0.409381 
0.40389 
0.408682 
0.411257 
0.416823 
0.412804 
0.40971 
0.409403 
0.405534 
0.403756 
0.403973 
0.405089 
0.40444 
0.399633 
0.399921 
0.407433 
0.408315 
0.406161 
0.401386 
0.402011 
0.403894 
0.407389 
0.405796 
0.403113 
0.404045 
0.401074 
0.399806 
0.407133 
0.411964 
0.418954 
0.419013 
0.417213 
0.416314 
0.418997 
0.423327 
0.419496 
0.423069 
0.427048 
0.42638 
0.42927 
0.43091 
0.431815 
0.427909 
0.426223 
0.42741 
0.428003 
0.428373 
0.428504 
0.423649 
0.420711 
0.41833 
0.415773 
0.418565 
0.414728 
0.411881 
0.409304 
0.410093 
0.409843 
0.406752 
0.405315 
0.40234 
0.402165 
0.40585 
0.408432 
0.412724 
0.411914 
0.416113 
0.41612 
0.413432 
0.409384 
0.413512 
0.41176 
0.414098 
0.414784 
0.412042 
0.403785 
0.403583 
0.404417 
0.404343 
0.403523 
0.403081 
0.400942 
0.40329 
0.408039 
0.405447 
0.401146 
0.403072 
0.403119 
0.405307 
0.411051 
0.41075 
0.411934 
0.409596 
0.405743 
0.410472 
0.413445 
0.418496 
0.419257 
0.418936 
0.419863 
0.416402 
0.411486 
0.409443 
0.410718 
0.411303 
0.412712 
0.41418 
0.409466 
0.407713 
0.408849 
0.410685 
0.40565 
0.3998 
0.399788 
0.401682 
0.40467 
0.402883 
0.397157 
0.398013 
0.394434 
0.391525 
0.389974 
0.388348 
0.384613 
0.383083 
0.386563 
0.386499 
0.380659 
0.386399 
0.386137 
0.389574 
0.388041 
0.390377 
0.389039 
0.386836 
0.384544 
0.384512 
0.382516 
0.381148 
0.384002 
0.384659 
0.381717 
0.380671 
0.386997 
0.38292 
0.386011 
0.386771 
0.390622 
0.39535 
0.394985 
0.392199 
0.39454 
0.397652 
0.395702 
0.396933 
0.393159 
0.39634 
0.396438 
0.399732 
0.396716 
0.400658 
0.404046 
0.402754 
0.398561 
0.404948 
0.406553 
0.409899 
0.410075 
0.407705 
0.412438 
0.404594 
0.397775 
0.400645 
0.395192 
0.395326 
0.393799 
0.394791 
0.393603 
0.388937 
0.393474 
0.388711 
0.387967 
0.394954 
0.400087 
0.39631 
0.396395 
0.396325 
0.386821 
0.380792 
0.377168 
0.383977 
0.384226 
0.384481 
0.382058 
0.378898 
0.375516 
0.375886 
0.382766 
0.378692 
0.376148 
0.376422 
0.373004 
0.376386 
0.373985 
0.374911 
0.378409 
0.372945 
0.376965 
0.378141 
0.376771 
0.375447 
0.374275 
0.373479 
0.370557 
0.371594 
0.375999 
0.380039 
0.381689 
0.380513 
0.381271 
0.381537 
0.380393 
0.379818 
0.383387 
0.386138 
0.387836 
0.386415 
0.390264 
0.390604 
0.387063 
0.387373 
0.38849 
0.393406 
0.391855 
0.395311 
0.395201 
0.396972 
0.40029 
0.395401 
0.396936 
0.398235 
0.400712 
0.400771 
0.401057 
0.400894 
0.395394 
0.395038 
0.392091 
0.391642 
0.385275 
0.381134 
0.38336 
0.383122 
0.384984 
0.380014 
0.377054 
0.372845 
0.374116 
0.378972 
0.378099 
0.377339 
0.373881 
0.369415 
0.369639 
0.373106 
0.37156 
0.369594 
0.366142 
0.366313 
0.368026 
0.361679 
0.367117 
0.365474 
0.363391 
0.365554 
0.367111 
0.366188 
0.363246 
0.363909 
0.359795 
0.359161 
0.363439 
0.364551 
0.366647 
0.367655 
0.36757 
0.370154 
0.367991 
0.376478 
0.381235 
0.382822 
0.383119 
0.380174 
0.382797 
0.387412 
0.384944 
0.385941 
0.389258 
0.390043 
0.384897 
0.382408 
0.378564 
0.380459 
0.378609 
0.380668 
0.381311 
0.381475 
0.381019 
0.377483 
0.374498 
0.375274 
0.374826 
0.37502 
0.373331 
0.378011 
0.377279 
0.375386 
0.373448 
0.371492 
0.368802 
0.372544 
0.366741 
0.366336 
0.362327 
0.360908 
0.356808 
0.359409 
0.364911 
0.365981 
0.367265 
0.366835 
0.371406 
0.372162 
0.367747 
0.366578 
0.365917 
0.364506 
0.358878 
0.355771 
0.353056 
0.350941 
0.355831 
0.35905 
0.358178 
0.36073 
0.360136 
0.357637 
0.357805 
0.35952 
0.363278 
0.364248 
0.363442 
0.366888 
0.369949 
0.369005 
0.363874 
0.365066 
0.362085 
0.366151 
0.365371 
0.370641 
0.371756 
0.372222 
0.37064 
0.3701 
0.373646 
0.367604 
0.364206 
0.367387 
0.368847 
0.36779 
0.361243 
0.364266 
0.362293 
0.36248 
0.362993 
0.363213 
0.366701 
0.364471 
0.3648 
0.36046 
0.360245 
0.355778 
0.359678 
0.361542 
0.362841 
0.36257 
0.35868 
0.354787 
0.352827 
0.349777 
0.347059 
0.346996 
0.349478 
0.346918 
0.348315 
0.351921 
0.355519 
0.355844 
0.353029 
0.354496 
0.358164 
0.36451 
0.366476 
0.362746 
0.367622 
0.369127 
0.369668 
0.371552 
0.371686 
0.370431 
0.367113 
0.364476 
0.367153 
0.370394 
0.375731 
0.370342 
0.370975 
0.366993 
0.365615 
0.364211 
0.366177 
0.369206 
0.363221 
0.364464 
0.37295 
0.377305 
0.377797 
0.384485 
0.382836 
0.380065 
0.379067 
0.373683 
0.377429 
0.381681 
0.376199 
0.376225 
0.376499 
0.373917 
0.374318 
0.372086 
0.365024 
0.367862 
0.363617 
0.363005 
0.365814 
0.361867 
0.363644 
0.363475 
0.365578 
0.363055 
0.363291 
0.36805 
0.365611 
0.367576 
0.365887 
0.367623 
0.36066 
0.364873 
0.366832 
0.370932 
0.367424 
0.362767 
0.359676 
0.359956 
0.359155 
0.358746 
0.361425 
0.359443 
0.355325 
0.354398 
0.3519 
0.353297 
0.356553 
0.357825 
0.354256 
0.352079 
0.349258 
0.352603 
0.3489 
0.348392 
0.352605 
0.35882 
0.356975 
0.355559 
0.354988 
0.35949 
0.36047 
0.362612 
0.364475 
0.361417 
0.363107 
0.367001 
0.369114 
0.368897 
0.373568 
0.369883 
0.369818 
0.369342 
0.364967 
0.368724 
0.363211 
0.36255 
0.357391 
0.35704 
1.55287 
