1.55123
 6.30912
 6.32002
 6.31364
 6.28782
 6.31006
 6.24563
 6.24073
 6.24185
 6.25035
 6.23566
 6.19876
 6.19748
 6.18986
 6.17981
 6.20097
 6.16907
 6.18104
 6.20265
 6.20955
 6.22431
 6.19511
 6.18731
 6.22716
 6.22025
 6.21337
 6.19201
 6.20655
 6.17793
 6.18362
 6.17208
 6.15662
 6.14965
 6.17254
 6.20222
 6.18831
 6.18532
 6.18628
 6.20511
 6.19378
 6.20088
 6.19055
 6.19065
 6.16886
 6.18432
 6.2173
 6.21747
 6.22713
 6.23595
 6.24599
 6.22968
 6.22651
 6.246
 6.24004
 6.21124
 6.1933
 6.16355
 6.13979
 6.14785
 6.15707
 6.15747
 6.14974
 6.14557
 6.15112
 6.14103
 6.10712
 6.09513
 6.0838
 6.04929
 6.05495
 6.01203
 6.03529
 5.98912
 5.99009
 5.96567
 5.98765
 5.98036
 5.96764
 5.96475
 5.97263
 5.9599
 5.97635
 5.93443
 5.91799
 5.90383
 5.883
 5.86884
 5.84502
 5.7945
 5.76429
 5.76679
 5.77862
 5.76225
 5.76912
 5.73818
 5.7389
 5.71202
 5.70131
 5.70815
 5.72462
 5.71221
 5.7617
 5.74144
 5.71158
 5.72889
 5.74322
 5.75071
 5.73955
 5.71588
 5.76154
 5.75768
 5.75569
 5.78282
 5.76132
 5.77932
 5.82385
 5.86601
 5.87142
 5.8631
 5.88047
 5.89721
 5.89701
 5.88695
 5.91936
 5.93406
 5.91076
 5.88364
 5.88223
 5.87139
 5.88805
 5.88269
 5.8872
 5.8691
 5.85146
 5.8463
 5.82328
 5.79137
 5.80812
 5.84368
 5.8122
 5.82076
 5.79909
 5.80367
 5.76672
 5.78416
 5.79218
 5.76672
 5.75697
 5.73069
 5.69789
 5.71712
 5.70915
 5.69505
 5.66765
 5.66725
 5.6461
 5.63847
 5.63431
 5.64071
 5.62702
 5.63575
 5.62481
 5.63518
 5.62421
 5.62603
 5.61226
 5.60342
 5.58995
 5.58326
 5.5631
 5.5311
 5.52074
 5.52163
 5.50764
 5.47452
 5.46887
 5.44132
 5.44598
 5.43114
 5.43931
 5.41696
 5.43299
 5.4523
 5.46671
 5.49392
 5.48156
 5.43164
 5.45104
 5.41478
 5.41288
 5.42011
 5.42712
 5.43128
 5.4079
 5.41136
 5.41809
 5.42993
 5.44131
 5.4605
 5.43686
 5.45238
 5.45705
 5.46649
 5.47912
 5.46413
 5.47866
 5.49596
 5.44925
 5.46735
 5.44971
 5.45626
 5.46542
 5.48967
 5.47694
 5.45333
 5.42798
 5.42245
 5.44207
 5.41656
 5.42656
 5.42382
 5.44209
 5.44363
 5.40768
 5.39769
 5.39076
 5.39214
 5.39208
 5.37663
 5.3778
 5.37033
 5.36557
 5.36976
 5.39654
 5.39203
 5.37996
 5.39055
 5.34574
 5.31286
 5.31591
 5.30637
 5.30571
 5.31421
 5.28601
 5.26317
 5.24981
 5.23023
 5.22201
 5.23241
 5.23211
 5.20851
 5.19895
 5.20909
 5.20446
 5.18224
 5.17319
 5.20297
 5.15781
 5.14015
 5.1353
 5.12714
 5.15509
 5.15967
 5.14687
 5.15464
 5.14081
 5.11073
 5.10466
 5.09224
 5.09516
 5.08632
 5.09853
 5.0938
 5.08499
 5.06267
 5.08097
 5.0634
 5.09798
 5.07606
 5.07316
 5.05037
 5.03949
 5.02881
 5.05116
 5.05993
 5.06794
 5.06155
 5.05257
 5.0575
 5.07132
 5.08745
 5.10432
 5.08546
 5.09588
 5.07664
 5.08816
 5.04845
 5.07753
 5.10329
 5.1016
 5.10112
 5.08865
 5.06467
 5.0763
 5.07213
 5.07415
 5.08479
 5.10476
 5.09588
 5.08988
 5.10415
 5.09615
 5.1217
 5.12468
 5.10812
 5.09002
 5.08003
 5.06614
 5.06784
 5.07336
 5.04818
 5.0195
 5.02709
 5.02936
 5.0174
 5.00289
 5.03221
 5.02019
 4.98642
 4.94703
 4.95288
 4.93312
 4.9325
 4.89565
 4.89187
 4.88555
 4.87947
 4.85114
 4.82797
 4.81451
 4.78999
 4.79305
 4.79357
 4.79833
 4.78575
 4.79355
 4.7946
 4.78282
 4.75662
 4.72687
 4.72345
 4.70696
 4.73574
 4.73484
 4.70936
 4.70258
 4.71658
 4.72327
 4.71591
 4.73644
 4.7348
 4.73936
 4.73337
 4.72131
 4.70589
 4.71463
 4.75098
 4.75267
 4.74836
 4.75016
 4.71145
 4.73071
 4.73407
 4.74328
 4.72701
 4.72742
 4.72158
 4.72233
 4.72864
 4.74874
 4.72551
 4.74267
 4.7412
 4.76031
 4.73538
 4.75131
 4.78328
 4.75884
 4.75444
 4.75941
 4.73659
 4.7349
 4.75981
 4.77257
 4.78289
 4.76463
 4.76677
 4.74717
 4.76396
 4.73479
 4.72655
 4.71553
 4.69815
 4.67646
 4.68772
 4.68704
 4.68205
 4.65751
 4.69609
 4.7034
 4.70284
 4.70572
 4.71574
 4.69985
 4.68451
 4.68
 4.6779
 4.66692
 4.65057
 4.6257
 4.62066
 4.63544
 4.64948
 4.63141
 4.639
 4.62205
 4.63193
 4.6102
 4.62149
 4.59235
 4.58981
 4.56498
 4.52449
 4.50368
 4.46617
 4.4693
 4.47845
 4.48337
 4.47208
 4.46912
 4.44523
 4.47008
 4.44274
 4.45597
 4.45614
 4.44644
 4.42114
 4.39731
 4.40351
 4.40184
 4.42128
 4.37778
 4.36613
 4.36424
 4.35453
 4.36434
 4.37127
 4.3785
 4.39498
 4.39511
 4.38978
 4.37543
 4.39038
 4.37656
 4.4068
 4.42253
 4.4556
 4.46147
 4.43924
 4.43653
 4.42424
 4.41778
 4.44198
 4.4218
 4.42998
 4.45426
 4.44528
 4.44456
 4.44531
 4.43587
 4.432
 4.42101
 4.43397
 4.42407
 4.44008
 4.43943
 4.40952
 4.42449
 4.38233
 4.38535
 4.38219
 4.3974
 4.40344
 4.40344
 4.41231
 4.42069
 4.42866
 4.41448
 4.41245
 4.41526
 4.43278
 4.43092
 4.39477
 4.40036
 4.37882
 4.36485
 4.36441
 4.37034
 4.38267
 4.37454
 4.37559
 4.36901
 4.35635
 4.33937
 4.30611
 4.30209
 4.27081
 4.30002
 4.30632
 4.2939
 4.28559
 4.27508
 4.25913
 4.25643
 4.25112
 4.22722
 4.23416
 4.23295
 4.22789
 4.19656
 4.19523
 4.20221
 4.18946
 4.171
 4.13705
 4.12803
 4.11632
 4.1185
 4.09547
 4.07392
 4.07384
 4.08092
 4.07397
 4.07045
 4.0831
 4.0795
 4.08026
 4.08724
 4.12172
 4.11918
 4.12948
 4.10469
 4.0987
 4.13942
 4.13619
 4.14547
 4.14148
 4.12261
 4.12634
 4.11614
 4.11474
 4.14144
 4.14142
 4.16873
 4.16412
 4.18114
 4.16624
 4.1791
 4.16727
 4.14643
 4.13499
 4.13701
 4.13448
 4.11688
 4.12582
 4.11729
 4.10921
 4.11398
 4.0825
 4.07454
 4.08947
 4.07192
 4.09483
 4.10733
 4.14239
 4.15041
 4.13125
 4.12842
 4.10556
 4.10803
 4.11429
 4.10263
 4.10717
 4.1069
 4.10801
 4.0866
 4.08411
 4.08993
 4.11285
 4.08572
 4.08769
 4.0884
 4.07251
 4.0811
 4.05471
 4.04786
 4.01604
 4.05177
 4.04841
 4.03259
 4.05752
 4.04128
 4.03951
 4.0563
 4.02496
 4.02914
 4.02222
 4.0153
 4.01054
 3.99403
 3.98052
 3.96619
 3.94016
 3.93499
 3.90645
 3.90742
 3.88218
 3.89584
 3.91038
 3.91203
 3.89397
 3.92062
 3.92407
 3.91938
 3.90249
 3.91204
 3.91069
 3.92047
 3.92915
 3.93053
 3.90217
 3.88556
 3.87622
 3.87525
 3.84836
 3.85157
 3.87917
 3.84723
 3.83635
 3.87003
 3.87141
 3.87023
 3.86976
 3.85877
 3.87586
 3.88919
 3.90422
 3.91457
 3.92697
 3.9162
 3.91002
 3.91071
 3.90041
 3.90044
 3.90174
 3.90525
 3.926
 3.91921
 3.90095
 3.87984
 3.88585
 3.88942
 3.88678
 3.88884
 3.89937
 3.89937
 3.90446
 3.91439
 3.91984
 3.91857
 3.89218
 3.88158
 3.86794
 3.88122
 3.87356
 3.83975
 3.82696
 3.83426
 3.82345
 3.82756
 3.77972
 3.76596
 3.74421
 3.73689
 3.72844
 3.71881
 3.71871
 3.71526
 3.72985
 3.71583
 3.71307
 3.70924
 3.70136
 3.67651
 3.66081
 3.64602
 3.65498
 3.64879
 3.64248
 3.63618
 3.62286
 3.60433
 3.58607
 3.57648
 3.57672
 3.58979
 3.57387
 3.56648
 3.56615
 3.59995
 3.5918
 3.59304
 3.5863
 3.57716
 3.58036
 3.59573
 3.59178
 3.5963
 3.59811
 3.58944
 3.5923
 3.57768
 3.58129
 3.58041
 3.59673
 3.6109
 3.60857
 3.59359
 3.59761
 3.58514
 3.61509
 3.59782
 3.59659
 3.59345
 3.61881
 3.63526
 3.60436
 3.57942
 3.56771
 3.5711
 3.59392
 3.60949
 3.60715
 3.61333
 3.63978
 3.60744
 3.61943
 3.60392
 3.60992
 3.58317
 3.58083
 3.57833
 3.57122
 3.55538
 3.56658
 3.56394
 3.55614
 3.54253
 3.52668
 3.5314
 3.50314
 3.49839
 3.5024
 3.51331
 3.52762
 3.53048
 3.50386
 3.5285
 3.51507
 3.5042
 3.49851
 3.49581
 3.49054
 3.49768
 3.47577
 3.47303
 3.47717
 3.49501
 3.50477
 3.51215
 3.52875
 3.51331
 3.50044
 3.46676
 3.48453
 3.4769
 3.47871
 3.47295
 3.48019
 3.4493
 3.42806
 3.42296
 3.42033
 3.40638
 3.40047
 3.38975
 3.38851
 3.38389
 3.38788
 3.38246
 3.3512
 3.32884
 3.33597
 3.32903
 3.32882
 3.31905
 3.33146
 3.31816
 3.31705
 3.31279
 3.30951
 3.32047
 3.32184
 3.32877
 3.31802
 3.31349
 3.30079
 3.32102
 3.3179
 3.32247
 3.33352
 3.33503
 3.32969
 3.3344
 3.34114
 3.33037
 3.32864
 3.35009
 3.35275
 3.34827
 3.35432
 3.3487
 3.33741
 3.35651
 3.35199
 3.33078
 3.33632
 3.3297
 3.33769
 3.35201
 3.33958
 3.33229
 3.3527
 3.35113
 3.34408
 3.34738
 3.34841
 3.35828
 3.34989
 3.38152
 3.37876
 3.36877
 3.34267
 3.34045
 3.33288
 3.32171
 3.32377
 3.32716
 3.31525
 3.31493
 3.31931
 3.29612
 3.28445
 3.27065
 3.26835
 3.25434
 3.24869
 3.23898
 3.20285
 3.20296
 3.19651
 3.19824
 3.21599
 3.20052
 3.1906
 3.17556
 3.18237
 3.19838
 3.19459
 3.19993
 3.17485
 3.17741
 3.16297
 3.13915
 3.13397
 3.12377
 3.12345
 3.14421
 3.11548
 3.12235
 3.13268
 3.10545
 3.08638
 3.1056
 3.08526
 3.0716
 3.06183
 3.0775
 3.0762
 3.07578
 3.06764
 3.05447
 3.06509
 3.05993
 3.07926
 3.07803
 3.06801
 3.08653
 3.10828
 3.09351
 3.07515
 3.07882
 3.09618
 3.08928
 3.08511
 3.0572
 3.07267
 3.07856
 3.07416
 3.09547
 3.12586
 3.12775
 3.1259
 3.13836
 3.13469
 3.13774
 3.12642
 3.12317
 3.1222
 3.09925
 3.10894
 3.08564
 3.09484
 3.1195
 3.10205
 3.11893
 3.11466
 3.11862
 3.121
 3.11571
 3.11452
 3.09755
 3.08461
 3.08751
 3.0905
 3.09595
 3.08764
 3.09415
 3.09832
 3.09263
 3.08652
 3.09662
 3.06391
 3.05588
 3.04051
 3.03493
 3.01041
 3.02127
 2.99394
 2.97822
 2.96832
 2.96997
 2.98052
 2.97612
 2.97375
 2.97034
 2.96842
 2.97857
 2.99256
 3.01028
 2.97529
 2.97984
 2.989
 2.97331
 2.9664
 2.9678
 2.97265
 2.97443
 2.96433
 2.94267
 2.93009
 2.93362
 2.91524
 2.90031
 2.89135
 2.92015
 2.89912
 2.90897
 2.90604
 2.91963
 2.89948
 2.91329
 2.9099
 2.90167
 2.88767
 2.90354
 2.90961
 2.89254
 2.87709
 2.86301
 2.86016
 2.87908
 2.90066
 2.9032
 2.91737
 2.94465
 2.95264
 2.94091
 2.92965
 2.93282
 2.9223
 2.92752
 2.91403
 2.91088
 2.89917
 2.90916
 2.91786
 2.90255
 2.90554
 2.91706
 2.91479
 2.91648
 2.93171
 2.92929
 2.9288
 2.90576
 2.91851
 2.91207
 2.90259
 2.89504
 2.87251
 2.8776
 2.86737
 2.86955
 2.85604
 2.85442
 2.84869
 2.8337
 2.84893
 2.81548
 2.82777
 2.81096
 2.8228
 2.83914
 2.83691
 2.82193
 2.82711
 2.8257
 2.82845
 2.81578
 2.8129
 2.81887
 2.82426
 2.82651
 2.82303
 2.8244
 2.80572
 2.80533
 2.80065
 2.80718
 2.77838
 2.76339
 2.76618
 2.75049
 2.7364
 2.74665
 2.74787
 2.74236
 2.75282
 2.73732
 2.74182
 2.75808
 2.76445
 2.748
 2.74746
 2.74143
 2.73379
 2.72226
 2.70329
 2.69766
 2.70644
 2.69853
 2.69929
 2.71768
 2.726
 2.72332
 2.73115
 2.73981
 2.74914
 2.74959
 2.74286
 2.71619
 2.70933
 2.68177
 2.67855
 2.66776
 2.65896
 2.67012
 2.6633
 2.67187
 2.65822
 2.66113
 2.66762
 2.66689
 2.64952
 2.63694
 2.65176
 2.65366
 2.65396
 2.67462
 2.67956
 2.66493
 2.68123
 2.68089
 2.67714
 2.67042
 2.65427
 2.66161
 2.64828
 2.67703
 2.66566
 2.66265
 2.64927
 2.65661
 2.65083
 2.63913
 2.6481
 2.66
 2.67595
 2.67693
 2.67679
 2.65593
 2.66273
 2.63951
 2.64631
 2.67286
 2.6565
 2.64697
 2.65066
 2.63953
 2.63842
 2.63393
 2.61966
 2.60224
 2.62664
 2.60884
 2.59852
 2.5864
 2.5733
 2.57628
 2.57148
 2.54266
 2.5291
 2.53571
 2.53446
 2.54
 2.53096
 2.5286
 2.53776
 2.54527
 2.52295
 2.50847
 2.50463
 2.50207
 2.50078
 2.50171
 2.48758
 2.4729
 2.457
 2.45402
 2.46152
 2.46331
 2.46446
 2.45459
 2.4432
 2.4443
 2.4788
 2.46852
 2.48095
 2.48489
 2.49814
 2.50173
 2.47451
 2.49032
 2.4954
 2.49377
 2.50651
 2.49431
 2.48899
 2.47936
 2.47885
 2.48339
 2.49127
 2.49878
 2.51543
 2.50891
 2.50357
 2.50797
 2.50382
 2.51076
 2.4953
 2.48495
 2.47702
 2.48034
 2.48896
 2.48633
 2.50727
 2.51925
 2.49969
 2.51004
 2.51239
 2.51629
 2.51251
 2.49301
 2.50479
 2.50201
 2.5164
 2.50596
 2.50076
 2.49209
 2.48818
 2.47315
 2.48416
 2.48346
 2.47469
 2.46458
 2.46571
 2.45728
 2.44397
 2.44499
 2.44781
 2.44566
 2.42552
 2.436
 2.43709
 2.45006
 2.45344
 2.44156
 2.43306
 2.43001
 2.417
 2.42473
 2.42529
 2.43907
 2.42159
 2.41869
 2.39779
 2.39072
 2.39866
 2.39757
 2.40202
 2.39119
 2.3819
 2.3876
 2.39129
 2.3805
 2.35385
 2.34357
 2.3618
 2.35915
 2.36063
 2.35232
 2.35433
 2.34518
 2.33891
 2.34397
 2.3437
 2.33531
 2.34679
 2.35365
 2.35858
 2.36097
 2.36484
 2.3675
 2.36433
 2.35159
 2.33345
 2.33011
 2.32428
 2.31134
 2.32621
 2.32729
 2.32488
 2.33644
 2.3314
 2.32279
 2.33693
 2.33255
 2.33067
 2.31695
 2.31871
 2.3225
 2.3436
 2.33336
 2.32089
 2.31227
 2.3009
 2.31152
 2.30386
 2.30917
 2.31195
 2.33287
 2.32991
 2.32318
 2.32199
 2.31622
 2.32931
 2.3119
 2.31721
 2.31287
 2.31845
 2.3104
 2.291
 2.29793
 2.28749
 2.29095
 2.28203
 2.28534
 2.29972
 2.30035
 2.32651
 2.31264
 2.30997
 2.31358
 2.31509
 2.32343
 2.30021
 2.30006
 2.30466
 2.30288
 2.29034
 2.2854
 2.27258
 2.27653
 2.2805
 2.27802
 2.26035
 2.25491
 2.24088
 2.23378
 2.22782
 2.20205
 2.22044
 2.19944
 2.21617
 2.21929
 2.23391
 2.22059
 2.20226
 2.20587
 2.2215
 2.22234
 2.21859
 2.2052
 2.19107
 2.18854
 2.17025
 2.17156
 2.16874
 2.17364
 2.17749
 2.17686
 2.19054
 2.17099
 2.16037
 2.15547
 2.16804
 2.15662
 2.17714
 2.18265
 2.17808
 2.17939
 2.16867
 2.16972
 2.18054
 2.1828
 2.18522
 2.1827
 2.15633
 2.17046
 2.18889
 2.17125
 2.17468
 2.18536
 2.19921
 2.22242
 2.21734
 2.20976
 2.21581
 2.20668
 2.20548
 2.22163
 2.21838
 2.21249
 2.19978
 2.18811
 2.1796
 2.17666
 2.18639
 2.17445
 2.16833
 2.18027
 2.18659
 2.19845
 2.18865
 2.1809
 2.17311
 2.14678
 2.147
 2.15329
 2.1612
 2.14886
 2.14734
 2.14556
 2.14306
 2.13358
 2.11782
 2.12035
 2.11328
 2.11482
 2.08078
 2.06514
 2.06926
 2.06755
 2.05582
 2.05783
 2.03669
 2.04397
 2.03342
 2.02674
 2.02341
 2.02183
 2.02031
 2.02768
 2.04163
 2.04795
 2.0552
 2.05786
 2.04432
 2.03531
 2.03861
 2.0402
 2.04518
 2.04154
 2.03261
 2.03408
 2.03301
 2.03035
 2.04345
 2.05175
 2.06644
 2.07508
 2.06309
 2.05256
 2.05543
 2.05921
 2.05936
 2.04538
 2.03058
 2.02735
 2.05216
 2.05723
 2.06468
 2.06534
 2.05684
 2.06196
 2.04025
 2.04252
 2.0473
 2.04009
 2.05764
 2.05772
 2.0423
 2.03593
 2.03757
 2.03518
 2.04125
 2.04583
 2.02408
 2.02707
 2.00769
 2.01028
 2.0139
 1.99464
 1.98922
 1.98742
 1.98396
 1.97983
 1.98126
 1.97199
 1.9635
 1.97519
 1.9639
 1.97989
 1.98047
 1.97986
 1.96699
 1.95644
 1.95768
 1.95847
 1.9593
 1.96119
 1.9482
 1.94678
 1.94132
 1.92387
 1.91446
 1.92325
 1.93381
 1.92787
 1.93244
 1.92963
 1.93572
 1.93815
 1.92692
 1.91644
 1.91866
 1.92765
 1.92666
 1.93915
 1.92777
 1.92285
 1.92353
 1.90165
 1.90356
 1.90968
 1.89919
 1.89936
 1.90647
 1.90735
 1.88752
 1.89788
 1.90233
 1.8904
 1.88582
 1.88195
 1.8832
 1.88966
 1.9083
 1.89744
 1.90917
 1.89864
 1.89076
 1.89739
 1.87254
 1.87268
 1.85678
 1.84967
 1.85625
 1.85374
 1.86379
 1.87239
 1.86551
 1.86616
 1.86525
 1.87389
 1.88762
 1.89271
 1.89
 1.89395
 1.88546
 1.88445
 1.87221
 1.87639
 1.8892
 1.89421
 1.88612
 1.88885
 1.89523
 1.88695
 1.88734
 1.89211
 1.88176
 1.90099
 1.88611
 1.88627
 1.88655
 1.89328
 1.89076
 1.8812
 1.86593
 1.87984
 1.89844
 1.89579
 1.88154
 1.88752
 1.88979
 1.89931
 1.88773
 1.88204
 1.89217
 1.8728
 1.86409
 1.85739
 1.86929
 1.86118
 1.86035
 1.86329
 1.85695
 1.85981
 1.85935
 1.85616
 1.83494
 1.81365
 1.81325
 1.81756
 1.80307
 1.80195
 1.79153
 1.78062
 1.77383
 1.76282
 1.77617
 1.76755
 1.76238
 1.75893
 1.75307
 1.75076
 1.74863
 1.7556
 1.76266
 1.74972
 1.76613
 1.76119
 1.75289
 1.74569
 1.75706
 1.75556
 1.73959
 1.763
 1.76261
 1.75982
 1.76392
 1.7524
 1.75533
 1.758
 1.76979
 1.74588
 1.75381
 1.74338
 1.7492
 1.74552
 1.737
 1.73996
 1.7334
 1.73976
 1.73433
 1.7461
 1.75265
 1.74498
 1.74286
 1.76089
 1.75725
 1.76332
 1.75757
 1.766
 1.76157
 1.75906
 1.75979
 1.76794
 1.77372
 1.76562
 1.76692
 1.75481
 1.7521
 1.74479
 1.74251
 1.73089
 1.73781
 1.7416
 1.72802
 1.72225
 1.72852
 1.74176
 1.72786
 1.73941
 1.7278
 1.72796
 1.73849
 1.73724
 1.73475
 1.7314
 1.72203
 1.7236
 1.73244
 1.72169
 1.71688
 1.69709
 1.68032
 1.66555
 1.65155
 1.66705
 1.66304
 1.67003
 1.68453
 1.67512
 1.67719
 1.66909
 1.67302
 1.6746
 1.65589
 1.66744
 1.66403
 1.65699
 1.64946
 1.65946
 1.67097
 1.65816
 1.66311
 1.66116
 1.66733
 1.67094
 1.67429
 1.67468
 1.66101
 1.66225
 1.65904
 1.6513
 1.64325
 1.6382
 1.63746
 1.65561
 1.64578
 1.642
 1.63842
 1.62905
 1.62929
 1.62762
 1.61875
 1.6154
 1.62354
 1.61306
 1.60751
 1.59674
 1.59675
 1.60152
 1.59637
 1.59799
 1.61064
 1.60942
 1.60241
 1.60956
 1.60966
 1.61243
 1.60773
 1.60651
 1.6013
 1.60286
 1.60396
 1.6081
 1.60893
 1.625
 1.62207
 1.61505
 1.61836
 1.62881
 1.62504
 1.62503
 1.6225
 1.61064
 1.6057
 1.60671
 1.62335
 1.62786
 1.62449
 1.6263
 1.64095
 1.62849
 1.63627
 1.63554
 1.62544
 1.62
 1.62265
 1.61391
 1.63007
 1.62239
 1.63063
 1.63918
 1.64694
 1.62922
 1.61561
 1.61253
 1.61191
 1.60829
 1.59994
 1.58945
 1.59386
 1.59738
 1.59377
 1.57997
 1.57615
 1.56543
 1.57236
 1.57807
 1.56643
 1.5701
 1.56204
 1.55054
 1.55331
 1.54307
 1.54114
 1.53282
 1.54177
 1.53783
 1.52579
 1.50502
 1.50381
 1.5122
 1.51142
 1.51095
 1.50758
 1.51254
 1.51316
 1.50438
 1.49861
 1.49627
 1.51452
 1.52236
 1.50962
 1.49863
 1.5034
 1.50918
 1.50284
 1.50558
 1.51772
 1.52245
 1.5187
 1.52621
 1.52362
 1.53423
 1.53804
 1.53099
 1.53228
 1.53507
 1.54075
 1.5454
 1.54056
 1.53551
 1.54348
 1.53818
 1.52666
 1.52126
 1.52948
 1.53174
 1.54346
 1.54874
 1.55397
 1.54719
 1.54396
 1.55045
 1.54643
 1.54074
 1.53706
 1.53941
 1.53576
 1.51889
 1.51234
 1.51756
 1.52286
 1.54027
 1.53507
 1.52685
 1.53338
 1.52641
 1.52233
 1.51891
 1.51447
 1.51604
 1.5126
 1.49974
 1.50018
 1.48621
 1.47758
 1.46735
 1.47199
 1.4636
 1.46861
 1.47271
 1.46965
 1.4502
 1.44503
 1.43615
 1.42999
 1.41857
 1.41159
 1.41841
 1.41743
 1.40028
 1.40449
 1.4136
 1.40947
 1.41384
 1.41201
 1.41186
 1.41619
 1.42034
 1.41112
 1.40816
 1.41525
 1.40435
 1.41898
 1.42495
 1.43085
 1.43502
 1.43983
 1.43441
 1.45164
 1.45168
 1.45499
 1.44643
 1.44884
 1.44886
 1.43795
 1.44197
 1.43713
 1.44323
 1.44952
 1.43429
 1.43363
 1.4307
 1.43077
 1.40825
 1.39312
 1.40132
 1.39006
 1.39735
 1.4065
 1.40064
 1.40451
 1.40974
 1.40153
 1.40275
 1.40275
 1.40231
 1.40426
 1.40313
 1.40536
 1.40175
 1.39189
 1.39981
 1.39236
 1.38767
 1.38347
 1.38733
 1.37659
 1.37581
 1.37891
 1.36549
 1.37776
 1.3636
 1.36198
 1.36693
 1.37467
 1.38059
 1.37747
 1.36455
 1.3647
 1.37064
 1.37446
 1.36582
 1.35523
 1.35237
 1.35368
 1.36315
 1.36934
 1.36628
 1.37511
 1.37559
 1.38456
 1.38198
 1.38128
 1.39059
 1.39016
 1.38375
 1.38061
 1.38099
 1.38122
 1.38607
 1.37863
 1.3864
 1.38812
 1.38915
 1.38642
 1.38718
 1.37986
 1.37615
 1.36216
 1.34561
 1.34752
 1.33395
 1.3413
 1.33815
 1.33032
 1.32564
 1.31708
 1.31625
 1.30784
 1.30607
 1.30033
 1.30275
 1.28756
 1.29113
 1.28868
 1.28949
 1.28344
 1.30001
 1.30739
 1.29984
 1.3052
 1.29701
 1.3096
 1.30768
 1.30918
 1.2988
 1.29931
 1.2893
 1.29362
 1.2959
 1.28761
 1.28894
 1.29542
 1.28733
 1.29858
 1.29537
 1.29421
 1.30481
 1.3058
 1.31107
 1.31107
 1.30009
 1.29657
 1.30381
 1.30785
 1.30207
 1.30965
 1.31044
 1.31449
 1.32697
 1.32145
 1.31175
 1.3134
 1.32275
 1.3087
 1.31309
 1.31399
 1.30336
 1.29853
 1.31312
 1.31496
 1.3145
 1.31365
 1.3125
 1.29042
 1.29645
 1.29452
 1.29583
 1.2974
 1.29728
 1.29431
 1.28574
 1.27859
 1.2773
 1.27714
 1.27281
 1.26964
 1.26836
 1.25661
 1.25118
 1.24385
 1.24191
 1.23306
 1.23136
 1.22086
 1.22757
 1.23676
 1.2358
 1.24176
 1.24162
 1.25043
 1.24491
 1.24067
 1.24245
 1.24769
 1.25414
 1.26272
 1.26799
 1.27147
 1.27418
 1.27609
 1.29481
 1.27951
 1.28301
 1.2791
 1.27287
 1.27087
 1.28064
 1.26314
 1.27338
 1.26588
 1.2535
 1.25524
 1.25643
 1.2552
 1.24448
 1.24233
 1.23944
 1.2318
 1.22208
 1.22709
 1.22307
 1.22599
 1.22926
 1.23862
 1.23066
 1.23405
 1.22979
 1.23261
 1.2253
 1.23288
 1.23289
 1.2394
 1.2331
 1.23633
 1.22311
 1.2263
 1.22735
 1.21643
 1.21916
 1.2161
 1.22702
 1.2269
 1.23828
 1.23255
 1.22531
 1.22439
 1.22947
 1.22571
 1.23393
 1.23972
 1.22569
 1.22473
 1.20966
 1.21554
 1.20331
 1.20136
 1.20317
 1.1979
 1.20222
 1.21026
 1.20369
 1.19248
 1.17866
 1.18354
 1.17257
 1.17607
 1.16995
 1.17986
 1.17833
 1.18143
 1.19145
 1.18448
 1.18653
 1.18177
 1.18198
 1.18455
 1.19472
 1.18781
 1.18767
 1.1846
 1.17913
 1.17735
 1.17285
 1.16644
 1.15611
 1.15733
 1.15625
 1.15284
 1.15654
 1.15618
 1.1459
 1.13664
 1.13637
 1.13442
 1.13716
 1.12169
 1.11454
 1.11363
 1.11622
 1.11989
 1.11501
 1.11054
 1.10588
 1.11383
 1.11877
 1.11652
 1.11745
 1.11485
 1.12165
 1.11732
 1.12293
 1.12481
 1.12112
 1.12942
 1.12172
 1.13805
 1.14295
 1.1331
 1.14083
 1.14575
 1.14764
 1.14582
 1.15437
 1.16452
 1.15667
 1.15923
 1.1668
 1.16191
 1.16982
 1.16396
 1.16448
 1.165
 1.15794
 1.15595
 1.15321
 1.14585
 1.13675
 1.14012
 1.14494
 1.14041
 1.13702
 1.13583
 1.13847
 1.14475
 1.13329
 1.12369
 1.11081
 1.10344
 1.10734
 1.1008
 1.10222
 1.10166
 1.10303
 1.10333
 1.10483
 1.11387
 1.10783
 1.10028
 1.08316
 1.08936
 1.09223
 1.08198
 1.08389
 1.083
 1.08034
 1.08618
 1.07339
 1.08424
 1.07737
 1.07603
 1.06973
 1.08362
 1.08773
 1.0875
 1.08234
 1.0816
 1.08916
 1.07908
 1.06605
 1.06601
 1.06677
 1.06645
 1.05158
 1.05736
 1.06214
 1.05854
 1.06494
 1.07149
 1.06086
 1.06889
 1.06759
 1.07444
 1.07303
 1.06837
 1.06654
 1.05907
 1.05191
 1.06521
 1.06472
 1.06206
 1.07634
 1.07916
 1.07247
 1.07782
 1.06954
 1.07887
 1.07781
 1.06388
 1.06252
 1.06728
 1.06006
 1.05936
 1.05258
 1.06039
 1.06334
 1.07031
 1.08017
 1.08231
 1.0738
 1.08196
 1.07349
 1.06989
 1.07956
 1.07226
 1.07443
 1.07568
 1.06942
 1.07535
 1.06981
 1.06458
 1.05551
 1.05077
 1.04215
 1.0353
 1.02744
 1.02916
 1.03865
 1.02954
 1.03899
 1.0365
 1.03997
 1.0388
 1.05022
 1.04186
 1.04702
 1.0374
 1.03199
 1.03051
 1.02091
 1.02159
 1.01432
 1.00497
 0.99881
 0.996208
 0.992422
 0.995887
 0.994475
 0.994044
 0.997257
 0.993936
 1.00318
 0.996206
 1.00706
 1.00157
 1.00034
 1.00308
 0.990363
 0.985839
 0.988967
 0.995125
 0.99508
 0.986077
 0.99388
 0.997874
 1.0054
 0.997859
 1.00984
 1.01042
 1.00869
 1.00904
 1.01013
 1.00204
 1.00201
 1.00548
 0.99658
 1.0008
 0.998977
 0.992784
 0.99136
 0.997251
 0.992209
 0.99409
 0.986985
 0.984652
 0.976727
 0.981942
 0.988484
 0.987991
 0.981326
 0.972633
 0.979275
 0.979472
 0.980774
 0.973166
 0.975385
 0.981933
 0.978876
 0.981122
 0.974052
 0.976707
 0.972247
 0.982271
 0.977885
 0.975357
 0.979259
 0.985209
 0.991814
 0.989491
 0.993537
 0.989056
 0.992262
 0.988669
 0.979557
 0.967703
 0.97272
 0.97282
 0.977151
 0.981094
 0.988147
 0.972659
 0.974676
 0.982318
 0.984594
 0.979635
 0.98471
 0.982683
 0.982727
 0.977715
 0.967635
 0.978525
 0.976125
 0.967066
 0.96257
 0.963912
 0.952754
 0.955918
 0.956484
 0.955684
 0.958896
 0.963166
 0.969727
 0.96945
 0.967525
 0.965188
 0.954599
 0.949728
 0.935854
 0.935524
 0.934141
 0.936636
 0.938347
 0.941033
 0.926298
 0.933428
 0.930186
 0.93011
 0.918221
 0.920619
 0.903235
 0.898192
 0.897242
 0.883541
 0.881764
 0.877144
 0.892496
 0.890155
 0.900525
 0.901
 0.911307
 0.904492
 0.907691
 0.911598
 0.912298
 0.909802
 0.910524
 0.911952
 0.920278
 0.912445
 0.918306
 0.925583
 0.929675
 0.930416
 0.92216
 0.908246
 0.897123
 0.898024
 0.904351
 0.923028
 0.920851
 0.925792
 0.92755
 0.930462
 0.945941
 0.948543
 0.94523
 0.951003
 0.961404
 0.952511
 0.949081
 0.946715
 0.936786
 0.937196
 0.935726
 0.933946
 0.928156
 0.915929
 0.918199
 0.918606
 0.921502
 0.908504
 0.900452
 0.89477
 0.893416
 0.878732
 0.885079
 0.882526
 0.873524
 0.871677
 0.862172
 0.859422
 0.850389
 0.857656
 0.862629
 0.860798
 0.862924
 0.856806
 0.854978
 0.853858
 0.850387
 0.84326
 0.849658
 0.856124
 0.861396
 0.855066
 0.858247
 0.867644
 0.868268
 0.866586
 0.868484
 0.881161
 0.877719
 0.88426
 0.880214
 0.880103
 0.888762
 0.88816
 0.879028
 0.884069
 0.881526
 0.878485
 0.883456
 0.897883
 0.888498
 0.890602
 0.887105
 0.891519
 0.897262
 0.894919
 0.895201
 0.893336
 0.887349
 0.878263
 0.886192
 0.8857
 0.880104
 0.884016
 0.878365
 0.873103
 0.869669
 0.864905
 0.874446
 0.856205
 0.852711
 0.854277
 0.849021
 0.849004
 0.843848
 0.847163
 0.849264
 0.842042
 0.84169
 0.837569
 0.834542
 0.840891
 0.840247
 0.842873
 0.842818
 0.838535
 0.844052
 0.832864
 0.839178
 0.8383
 0.839013
 0.825453
 0.830829
 0.825346
 0.833364
 0.827406
 0.832013
 0.832064
 0.826613
 0.834306
 0.836228
 0.839872
 0.833316
 0.838378
 0.839532
 0.842905
 0.850893
 0.852037
 0.851751
 0.839594
 0.837965
 0.838449
 0.841389
 0.842103
 0.845216
 0.843987
 0.83733
 0.832029
 0.82742
 0.826714
 0.835297
 0.83342
 0.835026
 0.829284
 0.829537
 0.834899
 0.843518
 0.844976
 0.836748
 0.833984
 0.821633
 0.817842
 0.813889
 0.813649
 0.812045
 0.815809
 0.805992
 0.805733
 0.802884
 0.791697
 0.79162
 0.792996
 0.786979
 0.776499
 0.782796
 0.784377
 0.785759
 0.778249
 0.783402
 0.781572
 0.789655
 0.791397
 0.789892
 0.790852
 0.787803
 0.778137
 0.781978
 0.771355
 0.77761
 0.775488
 0.784227
 0.783038
 0.784388
 0.795312
 0.798489
 0.790248
 0.786559
 0.790355
 0.792347
 0.797318
 0.800979
 0.802316
 0.814814
 0.819789
 0.827844
 0.822325
 0.831322
 0.827841
 0.824503
 0.818883
 0.820735
 0.821673
 0.822925
 0.824336
 0.821959
 0.815713
 0.821265
 0.828591
 0.825721
 0.81754
 0.819518
 0.817485
 0.817955
 0.806751
 0.803665
 0.786952
 0.787515
 0.791263
 0.790522
 0.776044
 0.78333
 0.780259
 0.774534
 0.775708
 0.776963
 0.769334
 0.76141
 0.759688
 0.75163
 0.752796
 0.750808
 0.745996
 0.753887
 0.760203
 0.758566
 0.752004
 0.761962
 0.756753
 0.745226
 0.741141
 0.749859
 0.742807
 0.74428
 0.745242
 0.746972
 0.736598
 0.744842
 0.73996
 0.747104
 0.749686
 0.753507
 0.754979
 0.757864
 0.762406
 0.757002
 0.762282
 0.758214
 0.756809
 0.75917
 0.76523
 0.759584
 0.762006
 0.75907
 0.749601
 0.746295
 0.752911
 0.744431
 0.732171
 0.736158
 0.737238
 0.73864
 0.742636
 0.747653
 0.755933
 0.765459
 0.765076
 0.760667
 0.757199
 0.754388
 0.750954
 0.746606
 0.739593
 0.732213
 0.728648
 0.732056
 0.730627
 0.716918
 0.728296
 0.725379
 0.721708
 0.721616
 0.717621
 0.716187
 0.713806
 0.704109
 0.69652
 0.687199
 0.681579
 0.690796
 0.685174
 0.692021
 0.693207
 0.693669
 0.700605
 0.695499
 0.696814
 0.697144
 0.703744
 0.709672
 0.701419
 0.705413
 0.70573
 0.70833
 0.711999
 0.70149
 0.70396
 0.705445
 0.6965
 0.704502
 0.701539
 0.696599
 0.693399
 0.694916
 0.69405
 0.691317
 0.708015
 0.71309
 0.717199
 0.717721
 0.720046
 0.724218
 0.722531
 0.72609
 0.733308
 0.724619
 0.72491
 0.720057
 0.719524
 0.726789
 0.729847
 0.725051
 0.723423
 0.721994
 0.724668
 0.717646
 0.717476
 0.720325
 0.717651
 0.717045
 0.712045
 0.714792
 0.709473
 0.701222
 0.705451
 0.701804
 0.697457
 0.701176
 0.700273
 0.691811
 0.695038
 0.689597
 0.684928
 0.690285
 0.683898
 0.679955
 0.674115
 0.668996
 0.669888
 0.674789
 0.666943
 0.669818
 0.67101
 0.675151
 0.677919
 0.678619
 0.67282
 0.669398
 0.671001
 0.670225
 0.678721
 0.684246
 0.674666
 0.672201
 0.671714
 0.672574
 0.671108
 0.670336
 0.674399
 0.675107
 0.678959
 0.680186
 0.676793
 0.681837
 0.693268
 0.699094
 0.704353
 0.699815
 0.70598
 0.704796
 0.700226
 0.698888
 0.702665
 0.696704
 0.698068
 0.699296
 0.700237
 0.707834
 0.703249
 0.705838
 0.69601
 0.684393
 0.686242
 0.679239
 0.676754
 0.670531
 0.661192
 0.659553
 0.655506
 0.650458
 0.643829
 0.637894
 0.630584
 0.639264
 0.64469
 0.636889
 0.633287
 0.630049
 0.627093
 0.624403
 0.637651
 0.649057
 0.644863
 0.651032
 0.64587
 0.651962
 0.646547
 0.647217
 0.656451
 0.656121
 0.661392
 0.659813
 0.662544
 0.659286
 0.667468
 0.664313
 0.667425
 0.669709
 0.67542
 0.672605
 0.677243
 0.682744
 0.684621
 0.683043
 0.684091
 0.687033
 0.689902
 0.68333
 0.682264
 0.677152
 0.677725
 0.679538
 0.674098
 0.667723
 0.671646
 0.668794
 0.67617
 0.666181
 0.65746
 0.657323
 0.653935
 0.655273
 0.653587
 0.651456
 0.648682
 0.647932
 0.647741
 0.650223
 0.645711
 0.63428
 0.6318
 0.618343
 0.619562
 0.617785
 0.614947
 0.611093
 0.61407
 0.605011
 0.601648
 0.595858
 0.599273
 0.598075
 0.596038
 0.599734
 0.600761
 0.599489
 0.599909
 0.603965
 0.611826
 0.610093
 0.61135
 0.607224
 0.60316
 0.599366
 0.602362
 0.597508
 0.599429
 0.600616
 0.60352
 0.609952
 0.613128
 0.612262
 0.607357
 0.616006
 0.617947
 0.628003
 0.62698
 0.623026
 0.625117
 0.625264
 0.630713
 0.639228
 0.640005
 0.64076
 0.636269
 0.629841
 0.630919
 0.625506
 0.6163
 0.622002
 0.614203
 0.616713
 0.621161
 0.619717
 0.614407
 0.619387
 0.617379
 0.617356
 0.618142
 0.611258
 0.608583
 0.599411
 0.59971
 0.60006
 0.60299
 0.607509
 0.601643
 0.596423
 0.588975
 0.592086
 0.594504
 0.58807
 0.583475
 0.582625
 0.575963
 0.578578
 0.581733
 0.579879
 0.584988
 0.587847
 0.582819
 0.586567
 0.593474
 0.591852
 0.590123
 0.592017
 0.588599
 0.591917
 0.594363
 0.589648
 0.593269
 0.600463
 0.598614
 0.594604
 0.595524
 0.58933
 0.592104
 0.587986
 0.590462
 0.592274
 0.595361
 0.598196
 0.605075
 0.61668
 0.610492
 0.620027
 0.616076
 0.611063
 0.610991
 0.609974
 0.603383
 0.597115
 0.599585
 0.597284
 0.600833
 0.589388
 0.593165
 0.589179
 0.597691
 0.593609
 0.596217
 0.596349
 0.596608
 0.578689
 0.575184
 0.568127
 0.559131
 0.557268
 0.554219
 0.549842
 0.54846
 0.550663
 0.551554
 0.555665
 0.554241
 0.554386
 0.550547
 0.547962
 0.553977
 0.556764
 0.556143
 0.560974
 0.553953
 0.558895
 0.560397
 0.554147
 0.555558
 0.557102
 0.553367
 0.549787
 0.541909
 0.553073
 0.548723
 0.553996
 0.561808
 0.558798
 0.558558
 0.561719
 0.566652
 0.566365
 0.570007
 0.566791
 0.568701
 0.571397
 0.577367
 0.584456
 0.580263
 0.57911
 0.587106
 0.586185
 0.589047
 0.586182
 0.578128
 0.58375
 0.586076
 0.585941
 0.571103
 0.571837
 0.570378
 0.572827
 0.563135
 0.559406
 0.557998
 0.554088
 0.556916
 0.56113
 0.559084
 0.551887
 0.553538
 0.555567
 0.562339
 0.564027
 0.562726
 0.556523
 0.551747
 0.54807
 0.548684
 0.543642
 0.532399
 0.528103
 0.529635
 0.524924
 0.527447
 0.53558
 0.529336
 0.529037
 0.527892
 0.525553
 0.527334
 0.532841
 0.53694
 0.53035
 0.524083
 0.516048
 0.518703
 0.515699
 0.519718
 0.520549
 0.521695
 0.523377
 0.525938
 0.537936
 0.535192
 0.531019
 0.534499
 0.5343
 0.535901
 0.533473
 0.532885
 0.532637
 0.536209
 0.5283
 0.53496
 0.538626
 0.541267
 0.538652
 0.535558
 0.538145
 0.535485
 0.535791
 0.535944
 0.531612
 0.538732
 0.538496
 0.537884
 0.529835
 0.527128
 0.52993
 0.530361
 0.522976
 0.525381
 0.524016
 0.519379
 0.517552
 0.514815
 0.514805
 0.510892
 0.511211
 0.510081
 0.501124
 0.502478
 0.497719
 0.503498
 0.504616
 0.499316
 0.496861
 0.499508
 0.501142
 0.495683
 0.49842
 0.496506
 0.500403
 0.504032
 0.509485
 0.502277
 0.50534
 0.50294
 0.50442
 0.508103
 0.506963
 0.504459
 0.499963
 0.503904
 0.513458
 0.505586
 0.509098
 0.511205
 0.512361
 0.508512
 0.510752
 0.512536
 0.50681
 0.509474
 0.51148
 0.513712
 0.5173
 0.522174
 0.529671
 0.52493
 0.520897
 0.517818
 0.516721
 0.513821
 0.514513
 0.518204
 0.524314
 0.523931
 0.520395
 0.512057
 0.511799
 0.503491
 0.508603
 0.50679
 0.50407
 0.511964
 0.512948
 0.510801
 0.506088
 0.503295
 0.49346
 0.493619
 0.492077
 0.49142
 0.494552
 0.482465
 0.483612
 0.486732
 0.477714
 0.482728
 0.477848
 0.472976
 0.46575
 0.477026
 0.475372
 0.477196
 0.481081
 0.477811
 0.480168
 0.472727
 0.470014
 0.477058
 0.475655
 0.473384
 0.47864
 0.483232
 0.483311
 0.485312
 0.491378
 0.492196
 0.489478
 0.489223
 0.492517
 0.497583
 0.501354
 0.502448
 0.50449
 0.497018
 0.489422
 0.494264
 0.495563
 0.493343
 0.489051
 0.488629
 0.485549
 0.488505
 0.48824
 0.488031
 0.485454
 0.482033
 0.478637
 0.476215
 0.478914
 0.478498
 0.479291
 0.487541
 0.486719
 0.492581
 0.495856
 0.491529
 0.490525
 0.483384
 0.479599
 0.482562
 0.481345
 0.477344
 0.469297
 0.47243
 0.466522
 0.460316
 0.459288
 0.458694
 0.461154
 0.460784
 0.462172
 0.463827
 0.467881
 0.46
 0.45545
 0.452282
 0.446525
 0.444358
 0.444285
 0.442361
 0.437358
 0.442718
 0.437143
 0.433446
 0.430821
 0.431134
 0.433644
 0.432806
 0.437829
 0.433359
 0.43366
 0.43754
 0.441916
 0.450773
 0.446399
 0.45461
 0.454219
 0.459499
 0.4625
 0.460089
 0.459068
 0.457334
 0.457553
 0.461776
 0.458223
 0.455827
 0.456073
 0.453455
 0.459008
 0.4635
 0.461901
 0.467284
 0.465406
 0.465473
 0.464896
 0.464389
 0.460642
 0.460735
 0.458875
 0.459213
 0.458371
 0.459016
 0.455314
 0.450314
 0.446738
 0.441158
 0.449805
 0.445381
 0.441811
 0.441961
 0.438256
 0.439516
 0.435879
 0.435836
 0.435052
 0.434626
 0.434756
 0.423903
 0.425894
 0.429465
 0.421197
 0.419572
 0.422462
 0.417827
 0.418824
 0.415362
 0.413279
 0.416592
 0.412898
 0.410696
 0.41338
 0.411184
 0.414467
 0.41516
 0.419659
 0.426546
 0.422729
 0.42316
 0.422974
 0.424727
 0.423136
 0.427474
 0.431693
 0.437163
 0.439102
 0.445116
 0.442099
 0.444017
 0.440865
 0.440535
 0.436895
 0.4385
 0.444844
 0.444784
 0.447723
 0.44615
 0.447469
 0.453693
 0.450776
 0.452153
 0.456371
 0.456911
 0.450617
 0.449028
 0.450715
 0.439192
 0.431158
 0.424193
 0.423556
 0.425188
 0.418168
 0.419974
 0.417458
 0.414859
 0.411839
 0.420762
 0.421228
 0.418353
 0.411202
 0.405706
 0.405197
 0.406352
 0.406029
 0.408481
 0.409348
 0.400254
 0.403829
 0.40781
 0.410527
 0.406169
 0.404783
 0.40837
 0.404633
 0.402062
 0.397768
 0.39592
 0.392249
 0.394572
 0.401709
 0.400838
 0.399063
 0.402302
 0.405064
 0.41037
 0.41158
 0.41946
 0.420145
 0.423488
 0.428275
 0.432378
 0.441175
 0.433859
 0.436248
 0.437502
 0.432612
 0.434132
 0.429907
 0.436451
 0.428664
 0.432229
 0.428686
 0.424879
 0.419672
 0.426534
 0.425371
 0.424086
 0.410693
 0.410655
 0.413186
 0.407404
 0.401137
 0.402304
 0.399759
 0.402296
 0.396332
 0.394828
 0.395249
 0.389703
 0.386903
 0.384046
 0.380533
 0.386577
 0.382268
 0.382539
 0.377516
 0.37747
 0.381365
 0.379926
 0.375644
 0.377284
 0.371422
 0.367766
 0.367438
 0.376922
 0.369659
 0.371174
 0.37093
 0.369129
 0.367609
 0.370931
 0.370667
 0.363982
 0.370702
 0.371814
 0.370317
 0.365992
 0.371234
 0.371743
 0.375214
 0.377795
 0.37868
 0.385894
 0.386965
 0.386143
 0.387539
 0.39032
 0.388059
 0.394301
 0.393619
 0.39878
 0.398729
 0.400032
 0.396876
 0.398865
 0.397328
 0.399132
 0.399001
 0.401479
 0.396644
 0.397624
 0.386182
 0.389897
 0.384005
 0.384113
 0.386331
 0.387434
 0.387692
 0.394569
 0.392923
 0.38988
 0.387367
 0.386856
 0.378796
 0.371445
 0.373253
 0.373436
 0.373696
 0.37351
 0.37791
 0.373854
 0.364642
 0.363698
 0.358026
 0.353582
 0.349022
 0.358262
 0.355586
 0.357688
 0.360107
 0.363735
 0.364304
 0.360872
 0.365278
 0.371512
 0.363803
 0.369452
 0.368787
 0.368911
 0.37487
 0.37729
 0.378531
 0.380503
 0.383855
 0.383785
 0.389604
 0.39049
 0.384935
 0.387261
 0.387169
 0.386759
 0.391654
 0.392783
 0.392969
 0.393574
 0.391657
 0.391583
 0.390394
 0.386909
 0.389901
 0.391263
 0.390808
 0.391083
 0.389306
 0.385257
 0.381593
 0.381994
 0.375936
 0.374642
 0.372648
 0.375326
 0.370507
 0.368299
 0.365587
 0.362769
 0.361626
 0.362233
 0.355599
 0.351578
 0.356356
 0.349859
 0.345329
 0.345738
 0.344086
 0.353504
 0.344268
 0.343446
 0.339781
 0.335746
 0.334325
 0.338938
 0.341573
 0.338479
 0.344971
 0.350929
 0.353304
 0.349102
 0.353704
 0.354182
 0.351609
 0.351922
 0.351539
 0.344514
 0.344332
 0.352083
 0.347646
 0.347691
 0.354091
 0.34785
 0.343667
 0.340552
 0.342559
 0.346859
 0.344729
 0.353349
 0.358021
 0.362606
 0.361358
 0.36572
 0.367692
 0.371468
 0.373624
 0.372218
 0.3695
 0.364272
 0.368248
 0.370985
 0.375189
 0.373849
 0.371943
 0.373466
 0.372786
 0.368284
 0.363618
 0.360831
 0.358699
 0.359305
 0.357883
 0.349334
 0.342483
 0.341137
 0.337085
 0.33214
 0.335939
 0.329342
 0.329904
 0.332173
 0.335125
 0.337118
 0.332122
 0.32823
 0.32764
 0.325485
 0.323259
 0.321074
 0.317006
 0.318665
 0.3204
 0.31817
 0.318711
 0.319586
 0.321148
 0.323648
 0.329072
 0.329778
 0.329549
 0.323891
 0.329093
 0.324847
 0.324815
 0.326554
 0.332679
 0.333198
 0.336198
 0.334613
 0.335812
 0.336924
 0.342062
 0.337473
 0.335949
 0.346021
 0.352051
 0.350167
 0.345736
 0.343172
 0.345411
 0.340953
 0.348886
 0.354159
 0.357819
 0.355473
 0.353782
 0.353725
 0.354781
 0.355518
 0.357433
 0.356224
 0.363016
 0.362692
 0.357381
 0.352663
 0.358059
 0.356608
 0.343654
 0.347111
 0.337735
 0.33804
 0.33497
 0.329399
 0.329227
 0.326538
 0.318082
 0.322513
 0.320011
 0.316198
 0.310402
 0.305626
 0.305476
 0.308874
 0.310966
 0.310484
 0.308511
 0.304335
 0.300125
 0.295515
 0.299017
 0.297054
 0.294537
 0.297149
 0.295087
 0.29242
 0.293512
 0.290698
 0.292252
 0.296553
 0.300751
 0.309168
 0.31108
 0.313099
 0.313802
 0.315392
 0.325507
 0.329089
 0.328387
 0.328475
 0.336137
 0.337864
 0.339232
 0.336017
 0.33415
 0.335802
 0.332265
 0.325704
 0.325575
 0.325983
 0.324041
 0.323623
 0.325027
 0.329203
 0.32386
 0.324871
 0.324148
 0.321515
 0.322043
 0.322178
 0.322877
 0.32282
 0.319011
 0.317569
 0.316912
 0.320202
 0.32159
 0.320156
 0.327005
 0.320517
 0.319758
 0.315816
 0.317814
 0.312705
 0.308722
 0.311306
 0.307131
 0.305842
 0.30471
 0.307058
 0.306298
 0.307668
 0.302514
 0.301703
 0.305869
 0.304497
 0.306537
 0.304563
 0.303628
 0.309019
 0.310998
 0.312125
 0.309591
 0.305564
 0.30328
 0.302105
 0.300297
 0.300973
 0.29841
 0.302853
 0.306301
 0.302332
 0.302284
 0.308338
 0.310358
 0.315841
 0.320133
 0.316368
 0.315406
 0.315981
 0.315144
 0.316556
 0.321559
 0.321408
 0.32207
 0.322628
 0.321598
 0.322694
 0.321459
 0.322892
 0.317141
 0.312307
 0.308471
 0.309615
 0.303392
 0.304168
 0.302819
 0.300936
 0.29399
 0.28892
 0.28995
 0.292569
 0.284614
 0.286967
 0.284118
 0.276642
 0.278803
 0.280148
 0.278054
 0.284377
 0.285343
 0.286464
 0.286492
 0.284702
 0.28128
 0.278835
 0.277835
 0.275315
 0.276811
 0.275126
 0.277653
 0.277474
 0.276127
 0.275996
 0.280769
 0.279338
 0.280848
 0.281031
 0.280215
 0.278656
 0.286881
 0.284788
 0.290599
 0.286904
 0.290741
 0.297806
 0.296662
 0.298717
 0.296774
 0.299548
 0.300767
 0.302212
 0.302946
 0.298277
 0.29924
 0.298616
 0.29703
 0.296305
 0.297725
 0.292826
 0.29613
 0.295176
 0.294285
 0.294128
 0.297192
 0.295166
 0.296422
 0.294871
 0.297237
 0.300311
 0.297443
 0.294962
 0.293012
 0.291577
 0.286549
 0.284533
 0.283858
 0.285845
 0.280689
 0.277829
 0.277264
 0.277379
 0.279821
 0.271971
 0.268483
 0.266069
 0.261282
 0.262819
 0.261353
 0.266622
 0.268396
 0.263624
 0.265157
 0.260561
 0.26392
 0.267498
 0.266622
 0.26734
 0.269716
 0.269851
 0.26792
 0.275407
 0.27562
 0.276834
 0.277092
 0.281654
 0.281791
 0.287385
 0.291216
 0.286653
 0.289827
 0.289388
 0.289943
 0.293742
 0.296256
 0.299126
 0.295697
 0.295941
 0.290108
 0.28729
 0.285548
 0.291708
 0.290933
 0.284571
 0.28612
 0.288289
 0.285225
 0.288422
 0.289176
 0.284241
 0.283364
 0.281358
 0.278789
 0.279208
 0.27599
 0.277964
 0.276044
 0.274532
 0.273657
 0.269917
 0.267725
 0.269523
 0.270166
 0.267835
 0.265624
 0.267122
 0.261413
 0.255254
 0.25857
 0.251698
 0.252154
 0.2501
 0.255192
 0.258822
 0.260992
 0.262371
 0.260976
 0.264685
 0.266119
 0.264631
 0.262528
 0.265683
 0.261038
 0.265135
 0.260536
 0.25787
 0.261532
 0.260378
 0.259769
 0.25995
 0.26281
 0.266415
 0.271261
 0.27091
 0.27043
 0.269807
 0.271844
 0.27456
 0.274035
 0.26913
 0.264532
 0.265797
 0.267014
 0.27105
 0.271058
 0.268159
 0.26568
 0.263938
 0.265273
 0.265426
 0.266422
 0.26844
 0.266954
 0.268457
 0.267463
 0.263441
 0.262605
 0.263925
 0.259459
 0.260618
 0.261083
 0.262139
 0.259438
 0.256239
 0.258056
 0.255005
 0.255568
 0.254277
 0.251584
 0.253046
 0.253037
 0.255681
 0.2546
 0.257162
 0.25229
 0.251001
 0.251581
 0.249838
 0.250993
 0.250994
 0.251406
 0.248291
 0.250171
 0.244926
 0.247732
 0.248036
 0.250403
 0.251334
 0.253185
 0.253427
 0.24943
 0.250012
 0.246898
 0.247305
 0.250462
 0.250037
 0.253318
 0.25431
 0.252761
 0.252605
 0.254526
 0.251389
 0.25635
 0.258434
 0.258199
 0.259616
 0.25574
 0.25324
 0.254307
 0.258056
 0.259903
 0.260086
 0.261215
 0.264717
 0.264926
 0.265493
 0.263988
 0.261839
 0.257196
 0.260048
 0.254098
 0.25354
 0.253435
 0.251356
 0.244888
 0.242197
 0.236435
 0.234776
 0.233946
 0.234495
 0.235116
 0.236255
 0.228998
 0.22803
 0.22748
 0.226794
 0.225089
 0.224774
 0.22347
 0.222436
 0.222739
 0.221039
 0.22405
 0.226282
 0.229876
 0.229929
 0.229978
 0.230311
 0.224997
 0.221771
 0.224862
 0.22551
 0.22889
 0.228892
 0.227394
 0.226541
 0.227726
 0.23019
 0.235383
 0.238236
 0.24276
 0.240912
 0.237734
 0.242868
 0.243147
 0.241924
 0.244228
 0.243692
 0.246712
 0.246987
 0.241565
 0.242333
 0.24491
 0.24705
 0.245827
 0.248713
 0.245864
 0.24547
 0.24447
 0.242389
 0.238257
 0.238658
 0.241197
 0.246719
 0.246881
 0.246288
 0.244022
 0.244303
 0.241577
 0.23983
 0.240847
 0.238108
 0.238461
 0.234225
 0.228457
 0.230726
 0.229586
 0.232946
 0.229655
 0.231586
 0.232674
 0.230849
 0.228336
 0.225151
 0.22004
 0.218344
 0.215005
 0.214961
 0.214583
 0.215502
 0.212091
 0.217449
 0.215689
 0.220262
 0.219698
 0.220462
 0.224265
 0.224584
 0.225376
 0.220464
 0.22044
 0.220754
 0.217885
 0.222801
 0.219436
 0.221724
 0.223153
 0.218632
 0.222071
 0.227594
 0.235752
 0.236378
 0.230651
 0.229314
 0.231116
 0.235748
 0.233131
 0.232069
 0.235175
 0.231605
 0.22905
 0.226548
 0.229245
 0.230267
 0.233786
 0.23308
 0.235972
 0.233582
 0.231062
 0.227703
 0.226189
 0.226273
 0.224381
 0.219963
 0.217352
 0.21408
 0.214487
 0.2171
 0.209005
 0.210199
 0.205153
 0.209201
 0.205886
 0.202959
 0.207111
 0.207303
 0.211554
 0.212107
 0.210963
 0.213681
 0.210065
 0.211252
 0.209955
 0.205806
 0.208091
 0.209968
 0.207169
 0.204184
 0.208697
 0.215251
 0.212884
 0.214387
 0.210885
 0.21015
 0.210381
 0.212396
 0.216336
 0.218069
 0.216045
 0.219901
 0.218987
 0.221768
 0.224409
 0.225702
 0.228471
 0.230628
 0.235311
 0.234068
 0.232373
 0.231362
 0.232841
 0.234372
 0.231756
 0.236631
 0.237533
 0.234535
 0.230959
 0.227349
 0.22922
 0.224114
 0.227378
 0.227708
 0.228723
 0.228644
 0.229736
 0.225621
 0.229519
 0.226507
 0.227895
 0.223124
 0.221881
 0.22232
 0.218902
 0.2145
 0.211819
 0.212891
 0.211955
 0.211679
 0.20831
 0.203341
 0.202903
 0.201636
 0.199583
 0.199644
 0.202235
 0.204065
 0.205948
 0.203321
 0.199987
 0.201346
 0.201501
 0.201192
 0.200313
 0.196906
 0.201939
 0.200833
 0.202899
 0.204882
 0.205275
 0.206396
 0.207481
 0.208512
 0.209248
 0.207106
 0.211178
 0.212394
 0.208399
 0.204603
 0.202269
 0.202373
 0.203464
 0.198695
 0.19974
 0.20648
 0.206634
 0.201428
 0.197413
 0.193792
 0.198261
 0.198637
 0.198726
 0.200911
 0.200415
 0.1951
 0.20032
 0.193807
 0.197027
 0.196298
 0.199628
 0.198941
 0.202402
 0.205302
 0.20737
 0.20424
 0.205364
 0.203354
 0.20458
 0.204389
 0.202761
 0.199634
 0.201095
 0.201507
 0.201514
 0.19476
 0.193782
 0.190325
 0.18683
 0.183921
 0.185814
 0.187898
 0.185979
 0.186864
 0.184793
 0.185193
 0.181354
 0.181833
 0.178764
 0.184531
 0.183431
 0.183257
 0.182053
 0.178954
 0.183287
 0.185301
 0.187686
 0.185408
 0.188735
 0.189453
 0.189186
 0.191846
 0.193439
 0.19451
 0.191218
 0.18906
 0.187841
 0.193779
 0.193003
 0.191676
 0.194937
 0.195023
 0.195232
 0.194237
 0.193585
 0.196996
 0.197103
 0.198598
 0.197744
 0.201272
 0.204447
 0.200246
 0.200402
 0.197568
 0.191706
 0.19397
 0.192304
 0.19282
 0.19011
 0.188604
 0.189719
 0.188215
 0.186663
 0.186118
 0.18368
 0.183843
 0.179429
 0.179818
 0.179653
 0.176249
 0.177124
 0.175807
 0.179756
 0.17827
 0.180885
 0.181081
 0.181328
 0.178898
 0.17674
 0.176618
 0.175485
 0.178217
 0.177896
 0.180969
 0.180318
 0.180208
 0.180085
 0.183403
 0.186478
 0.185093
 0.183649
 0.178796
 0.183456
 0.183654
 0.184285
 0.181322
 0.180734
 0.181837
 0.183835
 0.178035
 0.17955
 0.180602
 0.185588
 0.187616
 0.189812
 0.190397
 0.190089
 0.196092
 0.196355
 0.2001
 0.202276
 0.198965
 0.198533
 0.200833
 0.201474
 0.204033
 0.204482
 0.197367
 0.198195
 0.19396
 0.188613
 0.187065
 0.186732
 0.188463
 0.183698
 0.185029
 0.180459
 0.179796
 0.181523
 0.179244
 0.175471
 0.171787
 0.169878
 0.167855
 0.169018
 0.170104
 0.170005
 0.174939
 0.174224
 0.172521
 0.1734
 0.175786
 0.175123
 0.179774
 0.178795
 0.17734
 0.175387
 0.17577
 0.172451
 0.172787
 0.168415
 0.164408
 0.168746
 0.16599
 0.166534
 0.167309
 0.164595
 0.166301
 0.16666
 0.168132
 0.167437
 0.17038
 0.172003
 0.17363
 0.17367
 0.177118
 0.17859
 0.177558
 0.17666
 0.176863
 0.177865
 0.174789
 0.173192
 0.172272
 0.173561
 0.175801
 0.173801
 0.17615
 0.175951
 0.178079
 0.17448
 0.176532
 0.174197
 0.174463
 0.170787
 0.172646
 0.174386
 0.173539
 0.16752
 0.164777
 0.163599
 0.161737
 0.16362
 0.163993
 0.160809
 0.161081
 0.163455
 0.162686
 0.166214
 0.164261
 0.159017
 0.161595
 0.160437
 0.160117
 0.160956
 0.159156
 0.156093
 0.157118
 0.155521
 0.157234
 0.151924
 0.155879
 0.152886
 0.15115
 0.150538
 0.151828
 0.153024
 0.15452
 0.153083
 0.151887
 0.153164
 0.15563
 0.157654
 0.158668
 0.161041
 0.162932
 0.16613
 0.166501
 0.16669
 0.167265
 0.169135
 0.169763
 0.171366
 0.172528
 0.171199
 0.173276
 0.178192
 0.179578
 0.176324
 0.177532
 0.17718
 0.18078
 0.179361
 0.179834
 0.183049
 0.183606
 0.182435
 0.184502
 0.180687
 0.178767
 0.179609
 0.182587
 0.183455
 0.17893
 0.176656
 0.171501
 0.170646
 0.17226
 0.17265
 0.170443
 0.166439
 0.165848
 0.16127
 0.161132
 0.166883
 0.162499
 0.15854
 0.160797
 0.156303
 0.15561
 0.155523
 0.156775
 0.155567
 0.153322
 0.153447
 0.154247
 0.15136
 0.152452
 0.156383
 0.153436
 0.154672
 0.15137
 0.153623
 0.153482
 0.152778
 0.152756
 0.156016
 0.153396
 0.154006
 0.156986
 0.158089
 0.16109
 0.16012
 0.159264
 0.161264
 0.163806
 0.168879
 0.168789
 0.169871
 0.16998
 0.171069
 0.172573
 0.17255
 0.171308
 0.171609
 0.172414
 0.172496
 0.172752
 0.170995
 0.170822
 0.164213
 0.163009
 0.161804
 0.160622
 0.159712
 0.159246
 0.162347
 0.159363
 0.159584
 0.162572
 0.162504
 0.161989
 0.163966
 0.158986
 0.158493
 0.1543
 0.152033
 0.149758
 0.148922
 0.150321
 0.151647
 0.152373
 0.152078
 0.153759
 0.153343
 0.153032
 0.151546
 0.151462
 0.149099
 0.149821
 0.149738
 0.148648
 0.147273
 0.148583
 0.14993
 0.151918
 0.153067
 0.15371
 0.154016
 0.151127
 0.152353
 0.155549
 0.160011
 0.161179
 0.162391
 0.163726
 0.163157
 0.163868
 0.165432
 0.165975
 0.168217
 0.169195
 0.166691
 0.164089
 0.160949
 0.160381
 0.16023
 0.159948
 0.155875
 0.158948
 0.154103
 0.152888
 0.153374
 0.152465
 0.151861
 0.154977
 0.153883
 0.153447
 0.152955
 0.15073
 0.147731
 0.14661
 0.14419
 0.146646
 0.146374
 0.144397
 0.142801
 0.143351
 0.141003
 0.143252
 0.143409
 0.147667
 0.147247
 0.148977
 0.146559
 0.145539
 0.146391
 0.143534
 0.144677
 0.144642
 0.140115
 0.138933
 0.138544
 0.138885
 0.138452
 0.140736
 0.139423
 0.139522
 0.142315
 0.144582
 0.143801
 0.146005
 0.144269
 0.144192
 0.146438
 0.146521
 0.144328
 0.147741
 0.14639
 0.143044
 0.141933
 0.143271
 0.145303
 0.147062
 0.148855
 0.150948
 0.152248
 0.149509
 0.151177
 0.15048
 0.148807
 0.149598
 0.146827
 0.142989
 0.145469
 0.147288
 0.144991
 0.144673
 0.142259
 0.140532
 0.140276
 0.141633
 0.142623
 0.141665
 0.143682
 0.139965
 0.141146
 0.137049
 0.137272
 0.139636
 0.143208
 0.140824
 0.142941
 0.140954
 0.140188
 0.138602
 0.137757
 0.135326
 0.133055
 0.128565
 0.12843
 0.130506
 0.134886
 0.132164
 0.135841
 0.133283
 0.133261
 0.132278
 0.13187
 0.130881
 0.131089
 0.133542
 0.13357
 0.134952
 0.135358
 0.135361
 0.137431
 0.135498
 0.133877
 0.132407
 0.13238
 0.13118
 0.13125
 0.132569
 0.131346
 0.132143
 0.131406
 0.132605
 0.130891
 0.131963
 0.132812
 0.132836
 0.131484
 0.13244
 0.133005
 0.133196
 0.134547
 0.138793
 0.137272
 0.135313
 0.137392
 0.136678
 0.137507
 0.138968
 0.136063
 0.133575
 0.131046
 0.13032
 0.12776
 0.123897
 0.127293
 0.12703
 0.12961
 0.131394
 0.132838
 0.130436
 0.131352
 0.130656
 0.133658
 0.132085
 0.127557
 0.125352
 0.127344
 0.122438
 0.122035
 0.124144
 0.123895
 0.124019
 0.123778
 0.127179
 0.124044
 0.126467
 0.122277
 0.120698
 0.119509
 0.120581
 0.121495
 0.12091
 0.122352
 0.121557
 0.121661
 0.122241
 0.123118
 0.12296
 0.124006
 1.04297
 1.96424
 1.97735
 1.9835
 1.99805
 2.03215
 2.05504
 2.08136
 2.10994
 2.1389
 2.16601
 2.19527
 2.21082
 2.22129
 2.22859
 2.22451
 2.23153
 2.21659
 2.21003
 2.21079
 2.20245
 2.20177
 2.20449
 2.19896
 2.19045
 2.16924
 2.16285
 2.16158
 2.15919
 2.16362
 2.1679
 2.16392
 2.15481
 2.14618
 2.14576
 2.15023
 2.14826
 2.14945
 2.16042
 2.16126
 2.16938
 2.17472
 2.16595
 2.16228
 2.15845
 2.15027
 2.14967
 2.13843
 2.13543
 2.13173
 2.13552
 2.13412
 2.13064
 2.11936
 2.12721
 2.12818
 2.12601
 2.12587
 2.11949
 2.12353
 2.12112
 2.12401
 2.12945
 2.11791
 2.1054
 2.09405
 2.09918
 2.09174
 2.07838
 2.0745
 2.06252
 2.05502
 2.05563
 2.05122
 2.04878
 2.04984
 2.04586
 2.05203
 2.05917
 2.06891
 2.07032
 2.06924
 2.07019
 2.06612
 2.06639
 2.07821
 2.08181
 2.08553
 2.07181
 2.06576
 2.06326
 2.06126
 2.06165
 2.06099
 2.06748
 2.08123
 2.07356
 2.0654
 2.07636
 2.08195
 2.07312
 2.07859
 2.08579
 2.08713
 2.09497
 2.09598
 2.09528
 2.09841
 2.10659
 2.10802
 2.10846
 2.10176
 2.10205
 2.09193
 2.0829
 2.06107
 2.05665
 2.05237
 2.04889
 2.03071
 2.01572
 1.99841
 1.99642
 1.99417
 1.99116
 1.98663
 1.9962
 2.01537
 2.01328
 1.99154
 1.98003
 1.97019
 1.95634
 1.96437
 1.9677
 1.96224
 1.94782
 1.94872
 1.96171
 1.96537
 1.97625
 1.96305
 1.96431
 1.96134
 1.96747
 1.96646
 1.95625
 1.96147
 1.96342
 1.97184
 1.98675
 1.98653
 1.99552
 1.99103
 1.98758
 1.9793
 1.97972
 1.98183
 1.97992
 1.98333
 1.98005
 1.96501
 1.95778
 1.9561
 1.96369
 1.9668
 1.94933
 1.94673
 1.93925
 1.94723
 1.93838
 1.93423
 1.93644
 1.92948
 1.92088
 1.92158
 1.93285
 1.93043
 1.9357
 1.93735
 1.92799
 1.91714
 1.92014
 1.92392
 1.91801
 1.92553
 1.92907
 1.93077
 1.93323
 1.93642
 1.93504
 1.93022
 1.93094
 1.9189
 1.90993
 1.91254
 1.90497
 1.89491
 1.8881
 1.88532
 1.88611
 1.87819
 1.88334
 1.87679
 1.86867
 1.86366
 1.86135
 1.86802
 1.87523
 1.87382
 1.86191
 1.85624
 1.84456
 1.84339
 1.84286
 1.85225
 1.85656
 1.85398
 1.84787
 1.84001
 1.83383
 1.8267
 1.84004
 1.84435
 1.85073
 1.85966
 1.86042
 1.86962
 1.87744
 1.87123
 1.87466
 1.87723
 1.86471
 1.85824
 1.85742
 1.86314
 1.85389
 1.85219
 1.86376
 1.86305
 1.87034
 1.86737
 1.86993
 1.86678
 1.85676
 1.84757
 1.84338
 1.8426
 1.84889
 1.84811
 1.83457
 1.84067
 1.83359
 1.82681
 1.82182
 1.81509
 1.80487
 1.80196
 1.79506
 1.81065
 1.81536
 1.8178
 1.81851
 1.81799
 1.81182
 1.80267
 1.8046
 1.79371
 1.78206
 1.77724
 1.7776
 1.77294
 1.77841
 1.78384
 1.78756
 1.79261
 1.79504
 1.80304
 1.81427
 1.80922
 1.80427
 1.79569
 1.79676
 1.80992
 1.81892
 1.82102
 1.82044
 1.81909
 1.8196
 1.81332
 1.80485
 1.8128
 1.81035
 1.80916
 1.80789
 1.8006
 1.795
 1.79621
 1.79314
 1.78953
 1.78633
 1.77546
 1.76726
 1.76676
 1.76873
 1.76271
 1.75115
 1.74388
 1.72845
 1.71762
 1.71692
 1.71151
 1.71646
 1.71599
 1.71844
 1.72585
 1.7347
 1.73268
 1.73595
 1.73984
 1.73377
 1.7283
 1.72062
 1.71256
 1.70635
 1.69192
 1.68949
 1.69357
 1.68167
 1.6723
 1.67333
 1.67492
 1.67131
 1.66514
 1.65904
 1.65417
 1.65855
 1.67308
 1.67706
 1.66979
 1.66617
 1.65696
 1.65037
 1.65723
 1.66468
 1.67115
 1.6816
 1.67806
 1.68307
 1.67944
 1.69279
 1.69413
 1.70169
 1.71616
 1.72203
 1.72489
 1.73057
 1.7294
 1.72335
 1.71018
 1.71843
 1.7148
 1.71807
 1.71846
 1.72518
 1.718
 1.7001
 1.70259
 1.70973
 1.7159
 1.72029
 1.71297
 1.71255
 1.72222
 1.71778
 1.71563
 1.71083
 1.70317
 1.70099
 1.70989
 1.6913
 1.68999
 1.68623
 1.67844
 1.65491
 1.65594
 1.64933
 1.63815
 1.64784
 1.64159
 1.65045
 1.65024
 1.64493
 1.63909
 1.63662
 1.63954
 1.62779
 1.61793
 1.62188
 1.62542
 1.61743
 1.61888
 1.61238
 1.61108
 1.61337
 1.60541
 1.59008
 1.5941
 1.59506
 1.59316
 1.59862
 1.59497
 1.58863
 1.59428
 1.58413
 1.58753
 1.60216
 1.60265
 1.60137
 1.59421
 1.59397
 1.59558
 1.59225
 1.58876
 1.58481
 1.58952
 1.58664
 1.59676
 1.59877
 1.59445
 1.58955
 1.5923
 1.60018
 1.60298
 1.59617
 1.5878
 1.57839
 1.56102
 1.56586
 1.56168
 1.5737
 1.57163
 1.56807
 1.56703
 1.55379
 1.56127
 1.54809
 1.54127
 1.54239
 1.55541
 1.54384
 1.544
 1.5429
 1.54279
 1.53695
 1.54548
 1.53845
 1.53593
 1.54317
 1.54833
 1.55731
 1.55974
 1.55609
 1.56265
 1.55756
 1.56163
 1.55804
 1.55098
 1.5501
 1.56372
 1.56169
 1.55642
 1.54306
 1.54573
 1.55276
 1.55623
 1.55866
 1.54546
 1.5391
 1.52579
 1.52678
 1.53231
 1.52157
 1.51944
 1.51995
 1.51731
 1.50933
 1.509
 1.50934
 1.51282
 1.5018
 1.50532
 1.5066
 1.51099
 1.52066
 1.52298
 1.51348
 1.51888
 1.51397
 1.51201
 1.51562
 1.51221
 1.50881
 1.5057
 1.50756
 1.49526
 1.49307
 1.49183
 1.47772
 1.47329
 1.46633
 1.47316
 1.46615
 1.46702
 1.45714
 1.45563
 1.44308
 1.44096
 1.44158
 1.43845
 1.42945
 1.41872
 1.42215
 1.43266
 1.43125
 1.42597
 1.4173
 1.41815
 1.42215
 1.42214
 1.42417
 1.43565
 1.43416
 1.44649
 1.45158
 1.45212
 1.45235
 1.45602
 1.45278
 1.44833
 1.4431
 1.43661
 1.43196
 1.42338
 1.41439
 1.41673
 1.42
 1.41922
 1.42469
 1.42519
 1.4202
 1.4264
 1.43162
 1.42967
 1.44055
 1.44328
 1.43929
 1.4391
 1.43304
 1.43683
 1.4373
 1.43481
 1.42655
 1.42496
 1.42915
 1.43343
 1.42853
 1.41907
 1.41335
 1.41105
 1.42633
 1.4217
 1.41129
 1.41558
 1.41112
 1.40551
 1.39553
 1.39345
 1.37843
 1.38006
 1.38634
 1.38516
 1.38772
 1.38142
 1.381
 1.385
 1.38663
 1.3855
 1.38133
 1.38059
 1.37882
 1.38046
 1.38768
 1.39246
 1.38358
 1.3873
 1.38665
 1.38791
 1.39066
 1.39305
 1.39574
 1.39922
 1.39789
 1.39867
 1.39025
 1.39487
 1.39563
 1.39718
 1.40066
 1.39599
 1.38896
 1.38624
 1.3803
 1.37679
 1.36963
 1.37789
 1.37411
 1.3748
 1.38042
 1.36537
 1.35806
 1.3599
 1.36249
 1.35182
 1.35343
 1.35365
 1.34446
 1.34904
 1.34772
 1.34976
 1.35404
 1.35402
 1.36059
 1.3691
 1.36213
 1.37445
 1.37096
 1.37806
 1.37592
 1.36828
 1.36322
 1.37263
 1.37059
 1.36564
 1.35742
 1.35005
 1.35422
 1.35287
 1.35343
 1.34477
 1.34277
 1.34333
 1.32913
 1.32928
 1.32996
 1.32559
 1.32343
 1.31804
 1.32465
 1.3327
 1.32947
 1.33292
 1.34165
 1.34041
 1.3446
 1.34427
 1.34551
 1.34306
 1.34006
 1.33405
 1.32838
 1.31697
 1.3127
 1.31632
 1.30913
 1.30504
 1.29845
 1.29099
 1.28773
 1.28469
 1.28717
 1.28571
 1.28817
 1.28564
 1.27829
 1.27443
 1.27138
 1.27027
 1.27409
 1.27353
 1.26384
 1.26798
 1.27039
 1.26257
 1.26277
 1.26046
 1.25527
 1.25596
 1.26182
 1.26211
 1.26065
 1.26169
 1.2483
 1.25035
 1.24405
 1.24256
 1.24223
 1.25518
 1.25892
 1.26207
 1.26943
 1.27425
 1.27279
 1.27352
 1.27297
 1.26735
 1.25567
 1.25607
 1.27453
 1.27681
 1.27014
 1.2676
 1.26202
 1.25152
 1.25351
 1.25404
 1.25823
 1.26371
 1.26098
 1.25884
 1.26072
 1.2678
 1.27027
 1.26213
 1.27032
 1.27644
 1.26975
 1.2709
 1.27033
 1.26807
 1.26285
 1.25601
 1.25758
 1.25433
 1.25634
 1.25716
 1.25869
 1.26162
 1.26014
 1.24972
 1.24066
 1.23667
 1.23685
 1.23193
 1.23052
 1.2324
 1.22231
 1.21188
 1.21548
 1.21797
 1.21691
 1.21918
 1.2196
 1.21312
 1.222
 1.22288
 1.22437
 1.23205
 1.22452
 1.21837
 1.21948
 1.21296
 1.1984
 1.18349
 1.1773
 1.17527
 1.17276
 1.16571
 1.16522
 1.16983
 1.16888
 1.1673
 1.17154
 1.1692
 1.16245
 1.16168
 1.16124
 1.16563
 1.17104
 1.16845
 1.16154
 1.15752
 1.16159
 1.17159
 1.18088
 1.19389
 1.19324
 1.19345
 1.1858
 1.19432
 1.19143
 1.18575
 1.18474
 1.18884
 1.19516
 1.20108
 1.19336
 1.19531
 1.19538
 1.19367
 1.2041
 1.19797
 1.19357
 1.19026
 1.18386
 1.18631
 1.18659
 1.18954
 1.18785
 1.19779
 1.19638
 1.19303
 1.19769
 1.19816
 1.19171
 1.18162
 1.17902
 1.17388
 1.16442
 1.15455
 1.15895
 1.15344
 1.15202
 1.15813
 1.157
 1.15346
 1.15492
 1.15748
 1.14875
 1.14868
 1.14625
 1.14158
 1.13436
 1.12959
 1.12675
 1.11753
 1.11985
 1.12657
 1.12899
 1.12653
 1.13347
 1.13424
 1.14039
 1.14778
 1.15155
 1.15514
 1.15772
 1.15525
 1.15854
 1.15973
 1.1557
 1.15372
 1.14712
 1.14098
 1.13764
 1.13777
 1.13589
 1.1287
 1.11241
 1.10592
 1.09607
 1.0932
 1.09504
 1.10548
 1.09916
 1.10722
 1.10346
 1.08885
 1.086
 1.08872
 1.08675
 1.08589
 1.09054
 1.09488
 1.0997
 1.09418
 1.09493
 1.09927
 1.09871
 1.09748
 1.10002
 1.09697
 1.09192
 1.0942
 1.09005
 1.09108
 1.09955
 1.10006
 1.09089
 1.08057
 1.0727
 1.06586
 1.06817
 1.06162
 1.06732
 1.05888
 1.05679
 1.05843
 1.05894
 1.05476
 1.06449
 1.06964
 1.07254
 1.07935
 1.081
 1.06659
 1.05769
 1.05369
 1.05735
 1.06059
 1.06149
 1.06617
 1.06262
 1.07286
 1.07146
 1.06202
 1.05982
 1.05886
 1.05071
 1.051
 1.06059
 1.05548
 1.05225
 1.03614
 1.04006
 1.03425
 1.03385
 1.02578
 1.02317
 1.01891
 1.01763
 1.02271
 1.03545
 1.0366
 1.03997
 1.03439
 1.03333
 1.04387
 1.04374
 1.04287
 1.04239
 1.04487
 1.04143
 1.04393
 1.04471
 1.03536
 1.03074
 1.02487
 1.02169
 1.02406
 1.02335
 1.02131
 1.02306
 1.02361
 1.01496
 1.0067
 1.00639
 0.998659
 0.998803
 1.0017
 1.0022
 1.00467
 1.00615
 1.00276
 0.996413
 0.99254
 0.998312
 1.00293
 1.00074
 1.00032
 0.999156
 1.01294
 1.0106
 1.01134
 1.01388
 1.01379
 1.02038
 1.02697
 1.03389
 1.03293
 1.03129
 1.0347
 1.03943
 1.04088
 1.0353
 1.03858
 1.02797
 1.02544
 1.02924
 1.03064
 1.03761
 1.03573
 1.03121
 1.02741
 1.03531
 1.02642
 1.02911
 1.02356
 1.01095
 1.00909
 1.00268
 0.99835
 1.0011
 1.00054
 1.0006
 0.991508
 0.999686
 1.00008
 0.992507
 0.98992
 0.984631
 0.989027
 0.984823
 0.983128
 0.977917
 0.972345
 0.964732
 0.969054
 0.97034
 0.962463
 0.96138
 0.95521
 0.948151
 0.943293
 0.950989
 0.947937
 0.954383
 0.954766
 0.960805
 0.957716
 0.95262
 0.957656
 0.958178
 0.958448
 0.964558
 0.962107
 0.955169
 0.955985
 0.957581
 0.950101
 0.949925
 0.94498
 0.936956
 0.932482
 0.929148
 0.92724
 0.932126
 0.927098
 0.92142
 0.925847
 0.921374
 0.926896
 0.931143
 0.947256
 0.960079
 0.964021
 0.956458
 0.950835
 0.953034
 0.948173
 0.940722
 0.937189
 0.937917
 0.936472
 0.93146
 0.941642
 0.945056
 0.94588
 0.947914
 0.942676
 0.946898
 0.94301
 0.938872
 0.940605
 0.940023
 0.931189
 0.935665
 0.931367
 0.920086
 0.924823
 0.929174
 0.927405
 0.921218
 0.917834
 0.912938
 0.91628
 0.914386
 0.91355
 0.916713
 0.918033
 0.918528
 0.911154
 0.90972
 0.908736
 0.912637
 0.908005
 0.913657
 0.915709
 0.910535
 0.913341
 0.920253
 0.912441
 0.916481
 0.91502
 0.917866
 0.919998
 0.926842
 0.921383
 0.914789
 0.908352
 0.906582
 0.904375
 0.901337
 0.892785
 0.888641
 0.885996
 0.886015
 0.883638
 0.883591
 0.888541
 0.88995
 0.889184
 0.89698
 0.901904
 0.901505
 0.900818
 0.903861
 0.897483
 0.899001
 0.887179
 0.889788
 0.886148
 0.879446
 0.884316
 0.887245
 0.881921
 0.879729
 0.883001
 0.881089
 0.874166
 0.874594
 0.869239
 0.863769
 0.864266
 0.864563
 0.873133
 0.873086
 0.870999
 0.869039
 0.868636
 0.872928
 0.878003
 0.882736
 0.881798
 0.883873
 0.877542
 0.875189
 0.878854
 0.877487
 0.878264
 0.881215
 0.881267
 0.884343
 0.881614
 0.883981
 0.885711
 0.886078
 0.888447
 0.881205
 0.885675
 0.885154
 0.885782
 0.883394
 0.887201
 0.883169
 0.877828
 0.883993
 0.885051
 0.879752
 0.876131
 0.876794
 0.883806
 0.889791
 0.886935
 0.880607
 0.882544
 0.884838
 0.880476
 0.876831
 0.880059
 0.877984
 0.877287
 0.872751
 0.871819
 0.868125
 0.862624
 0.857257
 0.856973
 0.858807
 0.854827
 0.85161
 0.848897
 0.847949
 0.850572
 0.845304
 0.842692
 0.841296
 0.836924
 0.83295
 0.833736
 0.840569
 0.841336
 0.842106
 0.845689
 0.844662
 0.835556
 0.836414
 0.82927
 0.829234
 0.816549
 0.819979
 0.812812
 0.80596
 0.809267
 0.815088
 0.81809
 0.819617
 0.821992
 0.822708
 0.825243
 0.829238
 0.826062
 0.824129
 0.820992
 0.812178
 0.812404
 0.813528
 0.810441
 0.810921
 0.804029
 0.807879
 0.807781
 0.804835
 0.816046
 0.818091
 0.814572
 0.81622
 0.813247
 0.816439
 0.81636
 0.817451
 0.819971
 0.82018
 0.823658
 0.828854
 0.828592
 0.827576
 0.816955
 0.812557
 0.805617
 0.804246
 0.797653
 0.795246
 0.790624
 0.795559
 0.801172
 0.802057
 0.796452
 0.791005
 0.790578
 0.796969
 0.800823
 0.800701
 0.800049
 0.795528
 0.794176
 0.803309
 0.800706
 0.804256
 0.804762
 0.807334
 0.80758
 0.808092
 0.809179
 0.810029
 0.816422
 0.808699
 0.804594
 0.8036
 0.806606
 0.812186
 0.802755
 0.804829
 0.809453
 0.810662
 0.809777
 0.806992
 0.80098
 0.790758
 0.791644
 0.784361
 0.779054
 0.781453
 0.781867
 0.781946
 0.775545
 0.775648
 0.783261
 0.790132
 0.799945
 0.796875
 0.792652
 0.795563
 0.799684
 0.798661
 0.796108
 0.786555
 0.780741
 0.779221
 0.78466
 0.777721
 0.772939
 0.775369
 0.7701
 0.765909
 0.766937
 0.769985
 0.763452
 0.762024
 0.759842
 0.755673
 0.759297
 0.762757
 0.765568
 0.763998
 0.752314
 0.75214
 0.756083
 0.75482
 0.756661
 0.764796
 0.772848
 0.773585
 0.767457
 0.760987
 0.753585
 0.75049
 0.748977
 0.747675
 0.740088
 0.744423
 0.751584
 0.750484
 0.753827
 0.754823
 0.755378
 0.750078
 0.748493
 0.748677
 0.74995
 0.755116
 0.763137
 0.765078
 0.764065
 0.761778
 0.762215
 0.767647
 0.774606
 0.776769
 0.772436
 0.767403
 0.764594
 0.777126
 0.777487
 0.776175
 0.770871
 0.772249
 0.767879
 0.765019
 0.768187
 0.764666
 0.771164
 0.769617
 0.764226
 0.753147
 0.748701
 0.75348
 0.748347
 0.748781
 0.747118
 0.753963
 0.746873
 0.73501
 0.7321
 0.73291
 0.732557
 0.730434
 0.73224
 0.729623
 0.72635
 0.728489
 0.728994
 0.720246
 0.715762
 0.712335
 0.712715
 0.705291
 0.69816
 0.693327
 0.699906
 0.698078
 0.698161
 0.700151
 0.69673
 0.697907
 0.70012
 0.708298
 0.714299
 0.713739
 0.707519
 0.704192
 0.705427
 0.709006
 0.706863
 0.701513
 0.701213
 0.710781
 0.713647
 0.718514
 0.7219
 0.722998
 0.728698
 0.724244
 0.721814
 0.725521
 0.730609
 0.727548
 0.722094
 0.715509
 0.71439
 0.713157
 0.717831
 0.717801
 0.715239
 0.712896
 0.710108
 0.707394
 0.705677
 0.705918
 0.708822
 0.711675
 0.706744
 0.709097
 0.710426
 0.707079
 0.709258
 0.711202
 0.707919
 0.710336
 0.710069
 0.705192
 0.70506
 0.709742
 0.707128
 0.702102
 0.701726
 0.701696
 0.70138
 0.697993
 0.693823
 0.690016
 0.686898
 0.677831
 0.681194
 0.67713
 0.679241
 0.687304
 0.692411
 0.694556
 0.693955
 0.689393
 0.687558
 0.685493
 0.684838
 0.67709
 0.670368
 0.665562
 0.66403
 0.664256
 0.668759
 0.672752
 0.669846
 0.673754
 0.665419
 0.668554
 0.678245
 0.677396
 0.667942
 0.665651
 0.66012
 0.653569
 0.655442
 0.65764
 0.667109
 0.6685
 0.669495
 0.659558
 0.65233
 0.644733
 0.644141
 0.639539
 0.644558
 0.650872
 0.649639
 0.647312
 0.644489
 0.645818
 0.645576
 0.651568
 0.64685
 0.64516
 0.647825
 0.653658
 0.654239
 0.66039
 0.652227
 0.650185
 0.656395
 0.652225
 0.654685
 0.656392
 0.656027
 0.657714
 0.652863
 0.657373
 0.652997
 0.650967
 0.648484
 0.644892
 0.644275
 0.642868
 0.638255
 0.635033
 0.635057
 0.634801
 0.634661
 0.635843
 0.636523
 0.632556
 0.630345
 0.627195
 0.623394
 0.623431
 0.626029
 0.627573
 0.632069
 0.628857
 0.631402
 0.63455
 0.631523
 0.637372
 0.641192
 0.648451
 0.652096
 0.65212
 0.656203
 0.654914
 0.655805
 0.656976
 0.657845
 0.652649
 0.649431
 0.645518
 0.636986
 0.625841
 0.622497
 0.622033
 0.618416
 0.620578
 0.620813
 0.620783
 0.622981
 0.620492
 0.613841
 0.611472
 0.611466
 0.613333
 0.609468
 0.60275
 0.597931
 0.59402
 0.592096
 0.593245
 0.592808
 0.591751
 0.591702
 0.591935
 0.597821
 0.603057
 0.60471
 0.613455
 0.610153
 0.611697
 0.613059
 0.621603
 0.624424
 0.621867
 0.617785
 0.623607
 0.62391
 0.6185
 0.612626
 0.613005
 0.603896
 0.601611
 0.607691
 0.613266
 0.609285
 0.611961
 0.61469
 0.614625
 0.613282
 0.617448
 0.614426
 0.613916
 0.61769
 0.623981
 0.630269
 0.630237
 0.627812
 0.625313
 0.622787
 0.616683
 0.611562
 0.603786
 0.606992
 0.60073
 0.607064
 0.606666
 0.61005
 0.617931
 0.618043
 0.607528
 0.603739
 0.597281
 0.594409
 0.594115
 0.59629
 0.59956
 0.600926
 0.60038
 0.595213
 0.598416
 0.595315
 0.597429
 0.58705
 0.587876
 0.579275
 0.577118
 0.576399
 0.575772
 0.573631
 0.580056
 0.576844
 0.576427
 0.582595
 0.592208
 0.587486
 0.582689
 0.5845
 0.584028
 0.579312
 0.583143
 0.578466
 0.576541
 0.577581
 0.575839
 0.575044
 0.574554
 0.579441
 0.576324
 0.579486
 0.580036
 0.58357
 0.586792
 0.587626
 0.589314
 0.585848
 0.58795
 0.588123
 0.588515
 0.589871
 0.594067
 0.600818
 0.593429
 0.593421
 0.583574
 0.577146
 0.576196
 0.577999
 0.574444
 0.569368
 0.570557
 0.57375
 0.571619
 0.573279
 0.567797
 0.568023
 0.570116
 0.569077
 0.569941
 0.570291
 0.570703
 0.565487
 0.564342
 0.558797
 0.565997
 0.565821
 0.566123
 0.565652
 0.561874
 0.561155
 0.565449
 0.566117
 0.563969
 0.563234
 0.559969
 0.553216
 0.550712
 0.557565
 0.558918
 0.557694
 0.561972
 0.561948
 0.561177
 0.556393
 0.554882
 0.557807
 0.555377
 0.553986
 0.553207
 0.549047
 0.555114
 0.559984
 0.561442
 0.56317
 0.557948
 0.556635
 0.550883
 0.546241
 0.550045
 0.546774
 0.544239
 0.548173
 0.553514
 0.55677
 0.555392
 0.55357
 0.548913
 0.54738
 0.544916
 0.542373
 0.54418
 0.550357
 0.549569
 0.548991
 0.546523
 0.544243
 0.541117
 0.538653
 0.536771
 0.541673
 0.539205
 0.538627
 0.534922
 0.533014
 0.531096
 0.532059
 0.531149
 0.528952
 0.528738
 0.531671
 0.534454
 0.537266
 0.538079
 0.538977
 0.54227
 0.535071
 0.538843
 0.536897
 0.533585
 0.528727
 0.51951
 0.516354
 0.516451
 0.510551
 0.51141
 0.517551
 0.519783
 0.523935
 0.524285
 0.524984
 0.524718
 0.523096
 0.52551
 0.528811
 0.528665
 0.529969
 0.526574
 0.529035
 0.531228
 0.533223
 0.533755
 0.538159
 0.5408
 0.545858
 0.544406
 0.54102
 0.541064
 0.548057
 0.546245
 0.547254
 0.543456
 0.534732
 0.53691
 0.535793
 0.52956
 0.530634
 0.53367
 0.535891
 0.54064
 0.539802
 0.537895
 0.536065
 0.535471
 0.538755
 0.54171
 0.542906
 0.54604
 0.537397
 0.534953
 0.52385
 0.51417
 0.516759
 0.522092
 0.521502
 0.52268
 0.51505
 0.5095
 0.510691
 0.511876
 0.507348
 0.509144
 0.518426
 0.519847
 0.517484
 0.510692
 0.509427
 0.49976
 0.498362
 0.49986
 0.502199
 0.507349
 0.506423
 0.499414
 0.501725
 0.490527
 0.492221
 0.490345
 0.493025
 0.492072
 0.494498
 0.493984
 0.492569
 0.495101
 0.491823
 0.486292
 0.486391
 0.481766
 0.479911
 0.483522
 0.483207
 0.486174
 0.486728
 0.484925
 0.487141
 0.482216
 0.483951
 0.484947
 0.485046
 0.493883
 0.496115
 0.496627
 0.495984
 0.491556
 0.491699
 0.489081
 0.486869
 0.485093
 0.485142
 0.488921
 0.487294
 0.487796
 0.490275
 0.492134
 0.493937
 0.488355
 0.482589
 0.485262
 0.483645
 0.479395
 0.481051
 0.47936
 0.474314
 0.477094
 0.475343
 0.474297
 0.476002
 0.48007
 0.479662
 0.48406
 0.484742
 0.488957
 0.490463
 0.492671
 0.49122
 0.489201
 0.484276
 0.484921
 0.479349
 0.471532
 0.473927
 0.47327
 0.477085
 0.48143
 0.479862
 0.484819
 0.490968
 0.492121
 0.483891
 0.476954
 0.46864
 0.465587
 0.46262
 0.463604
 0.468702
 0.469881
 0.469373
 0.469052
 0.466592
 0.466734
 0.47222
 0.471639
 0.475731
 0.477434
 0.473015
 0.467266
 0.466552
 0.466615
 0.466035
 0.463651
 0.458709
 0.459398
 0.459391
 0.459105
 0.459927
 0.462841
 0.459272
 0.462138
 0.462106
 0.462376
 0.46101
 0.464015
 0.456805
 0.454809
 0.453498
 0.453639
 0.452693
 0.45455
 0.457973
 0.457463
 0.457946
 0.455011
 0.447757
 0.449531
 0.442864
 0.436148
 0.434995
 0.437253
 0.440156
 0.445879
 0.447927
 0.450098
 0.454805
 0.45655
 0.454864
 0.460184
 0.461336
 0.456306
 0.4519
 0.454235
 0.456944
 0.453855
 0.453207
 0.454332
 0.4548
 0.454964
 0.458668
 0.451848
 0.453479
 0.456291
 0.459587
 0.459083
 0.461222
 0.461985
 0.458204
 0.45594
 0.457731
 0.452439
 0.449838
 0.449726
 0.453597
 0.44938
 0.445749
 0.451595
 0.451305
 0.446806
 0.450089
 0.447307
 0.443234
 0.4437
 0.443167
 0.440172
 0.437352
 0.431428
 0.430018
 0.432632
 0.430638
 0.428655
 0.427898
 0.432857
 0.437244
 0.43938
 0.436599
 0.439372
 0.434424
 0.436486
 0.435022
 0.429492
 0.423916
 0.421524
 0.429774
 0.429305
 0.429311
 0.430694
 0.434986
 0.435414
 0.436995
 0.436916
 0.431826
 0.432082
 0.428992
 0.431159
 0.4364
 0.438747
 0.432048
 0.434812
 0.429917
 0.429359
 0.426876
 0.424309
 0.426193
 0.429958
 0.433023
 0.437177
 0.437429
 0.432262
 0.42844
 0.429233
 0.433011
 0.431522
 0.43373
 0.430403
 0.432796
 0.430354
 0.430171
 0.431009
 0.435744
 0.433847
 0.429368
 0.42296
 0.419364
 0.421029
 0.417495
 0.415788
 0.410954
 0.415331
 0.414911
 0.416144
 0.41644
 0.416604
 0.421976
 0.423791
 0.424934
 0.421304
 0.42087
 0.421189
 0.421891
 0.416619
 0.414281
 0.415357
 0.417128
 0.414145
 0.41534
 0.414462
 0.407528
 0.403327
 0.407125
 0.405483
 0.407046
 0.40486
 0.402309
 0.407268
 0.405063
 0.39873
 0.39614
 0.40022
 0.400671
 0.4011
 0.400066
 0.400731
 0.404937
 0.400726
 0.398363
 0.400628
 0.39697
 0.393771
 0.396261
 0.396268
 0.394058
 0.394021
 0.389424
 0.387687
 0.38787
 0.39233
 0.394196
 0.390191
 0.392094
 0.395348
 0.399182
 0.404779
 0.40687
 0.407592
 0.406056
 0.407414
 0.406676
 0.403615
 0.397213
 0.395027
 0.399843
 0.398896
 0.405712
 0.399197
 0.399349
 0.400461
 0.405084
 0.404174
 0.407033
 0.405367
 0.399952
 0.396166
 0.393088
 0.395027
 0.391038
 0.38549
 0.38861
 0.388217
 0.387258
 0.386855
 0.383779
 0.382379
 0.383822
 0.385266
 0.38413
 0.383736
 0.381612
 0.384569
 0.383036
 0.38735
 0.388971
 0.386371
 0.385335
 0.389136
 0.391505
 0.390734
 0.397012
 0.400277
 0.39558
 0.393028
 0.394632
 0.391456
 0.392083
 0.393156
 0.395282
 0.392206
 0.393952
 0.388035
 0.386757
 0.389821
 0.39152
 0.391042
 0.386894
 0.382771
 0.384501
 0.384491
 0.379831
 0.379643
 0.374888
 0.369764
 0.369323
 0.368584
 0.36759
 0.369311
 0.372565
 0.375
 0.37518
 0.376503
 0.374053
 0.370502
 0.37092
 0.374882
 0.376195
 0.372439
 0.370668
 0.368661
 0.370841
 0.36749
 0.362892
 0.361246
 0.360202
 0.364675
 0.370868
 0.369666
 0.37338
 0.37408
 0.376082
 0.37743
 0.374197
 0.371132
 0.369488
 0.372888
 0.37306
 0.37259
 0.365965
 0.37169
 0.372975
 0.377692
 0.378027
 0.378953
 0.377376
 0.37839
 0.377103
 0.380453
 0.383921
 0.390073
 0.385973
 0.385217
 0.387689
 0.387974
 0.390107
 0.383869
 0.377025
 0.374189
 0.37898
 0.378362
 0.380792
 0.376924
 0.377245
 0.37378
 0.376319
 0.375247
 0.371444
 0.374082
 0.369147
 0.372417
 0.373638
 0.372802
 0.375379
 0.369188
 0.362097
 0.35573
 0.355348
 0.362102
 0.36358
 0.365046
 0.363397
 0.360283
 0.36224
 0.359234
 0.358426
 0.35611
 0.351857
 0.347739
 0.345151
 0.341883
 0.338222
 0.334075
 0.333372
 0.335733
 0.332349
 0.330535
 0.333898
 0.3383
 0.33971
 0.339846
 0.337172
 0.332253
 0.330178
 0.331372
 0.334703
 0.335984
 0.338351
 0.343854
 0.342563
 0.344849
 0.347106
 0.351707
 0.353931
 0.355631
 0.359162
 0.360819
 0.365218
 0.367463
 0.374367
 0.376093
 0.374268
 0.370408
 0.374795
 0.377733
 0.373376
 0.369491
 0.372153
 0.372858
 0.371916
 0.368214
 0.371968
 0.367684
 0.365217
 0.363347
 0.357417
 0.357658
 0.359638
 0.355415
 0.354101
 0.349812
 0.346324
 0.34125
 0.343366
 0.344139
 0.346726
 0.349486
 0.350144
 0.353664
 0.351032
 0.348655
 0.349041
 0.345893
 0.346001
 0.345135
 0.346628
 0.351666
 0.35105
 0.345066
 0.342214
 0.339999
 0.338078
 0.339837
 0.341581
 0.337724
 0.342941
 0.346926
 0.344908
 0.34049
 0.339443
 0.34155
 0.338884
 0.334152
 0.335026
 0.333741
 0.3359
 0.335598
 0.336622
 0.338908
 0.338708
 0.330593
 0.326442
 0.324303
 0.324951
 0.325394
 0.330217
 0.340965
 0.338532
 0.340716
 0.339125
 0.337995
 0.335157
 0.330233
 0.324959
 0.32289
 0.318413
 0.325056
 0.321084
 0.324761
 0.326488
 0.329481
 0.326465
 0.321588
 0.327581
 0.322251
 0.319348
 0.31795
 0.315382
 0.316165
 0.316171
 0.32012
 0.316239
 0.317421
 0.318264
 0.320813
 0.323758
 0.319887
 0.31868
 0.315483
 0.317818
 0.317473
 0.31672
 0.318551
 0.319396
 0.31837
 0.321635
 0.322836
 0.32394
 0.323444
 0.323917
 0.326872
 0.330026
 0.327958
 0.325331
 0.322015
 0.328114
 0.329792
 0.331703
 0.327867
 0.327628
 0.329118
 0.330726
 0.330475
 0.33483
 0.33358
 0.332398
 0.327727
 0.325699
 0.323248
 0.326345
 0.326887
 0.329941
 0.330387
 0.329006
 0.326381
 0.324446
 0.325938
 0.321718
 0.326281
 0.327909
 0.328333
 0.323944
 0.321101
 0.319657
 0.318126
 0.315614
 0.316357
 0.317587
 0.315816
 0.319418
 0.321791
 0.318832
 0.319202
 0.31227
 0.313491
 0.313874
 0.310307
 0.301732
 0.297508
 0.294777
 0.293401
 0.296089
 0.295608
 0.297881
 0.296677
 0.298032
 0.2948
 0.297835
 0.300887
 0.298624
 0.300815
 0.301545
 0.300567
 0.303159
 0.30774
 0.307017
 0.305942
 0.306471
 0.308678
 0.305343
 0.31078
 0.313081
 0.317527
 0.317518
 0.31779
 0.316603
 0.312115
 0.31136
 0.308801
 0.310889
 0.311488
 0.308144
 0.305914
 0.309124
 0.314593
 0.313235
 0.3158
 0.31739
 0.315221
 0.313191
 0.312189
 0.312475
 0.312534
 0.314739
 0.312387
 0.311456
 0.31178
 0.310846
 0.308003
 0.304454
 0.300733
 0.301683
 0.29443
 0.291122
 0.286428
 0.285261
 0.285479
 0.286903
 0.287523
 0.286791
 0.283573
 0.280329
 0.281391
 0.281814
 0.28044
 0.28465
 0.287081
 0.284152
 0.285388
 0.282039
 0.279948
 0.281965
 0.282122
 0.277722
 0.277036
 0.274294
 0.275472
 0.27795
 0.280632
 0.284657
 0.288574
 0.284266
 0.287427
 0.290441
 0.294115
 0.294093
 0.292447
 0.294216
 0.296508
 0.292661
 0.293282
 0.292852
 0.296099
 0.295661
 0.297081
 0.299285
 0.298037
 0.299026
 0.298554
 0.293424
 0.294498
 0.297289
 0.298694
 0.301243
 0.304985
 0.301525
 0.304281
 0.296987
 0.300153
 0.294738
 0.291448
 0.289474
 0.283743
 0.279334
 0.283471
 0.279172
 0.282475
 0.281947
 0.280287
 0.277473
 0.274076
 0.271777
 0.268166
 0.263998
 0.263331
 0.263678
 0.263235
 0.262041
 0.263301
 0.263891
 0.260688
 0.259355
 0.256961
 0.258362
 0.262678
 0.2598
 0.259837
 0.262928
 0.260919
 0.262519
 0.266344
 0.267289
 0.268669
 0.263837
 0.265354
 0.264454
 0.265729
 0.266409
 0.266331
 0.265219
 0.271761
 0.276086
 0.276138
 0.275636
 0.276107
 0.280897
 0.277895
 0.276565
 0.274054
 0.271117
 0.273077
 0.274338
 0.277057
 0.279979
 0.280967
 0.282919
 0.284288
 0.284927
 0.281035
 0.281602
 0.284186
 0.283776
 0.283287
 0.282275
 0.279863
 0.283055
 0.281964
 0.281792
 0.281245
 0.274841
 0.271519
 0.269105
 0.265086
 0.266747
 0.26081
 0.258955
 0.256747
 0.251664
 0.249662
 0.249537
 0.248643
 0.245374
 0.245488
 0.246019
 0.246915
 0.244876
 0.24422
 0.244674
 0.246483
 0.245011
 0.244821
 0.245054
 0.247355
 0.245988
 0.243819
 0.24787
 0.250272
 0.250661
 0.250583
 0.247601
 0.249134
 0.251225
 0.248232
 0.24925
 0.249143
 0.247483
 0.24576
 0.249756
 0.252225
 0.250892
 0.255566
 0.256964
 0.26138
 0.258413
 0.259724
 0.262313
 0.259626
 0.257667
 0.261777
 0.264689
 0.267476
 0.266618
 0.262125
 0.260789
 0.263212
 0.258993
 0.261096
 0.26425
 0.259516
 0.260349
 0.254055
 0.254372
 0.254248
 0.255098
 0.256963
 0.253206
 0.252452
 0.251408
 0.251414
 0.251719
 0.251379
 0.248425
 0.254359
 0.251819
 0.254898
 0.255083
 0.252215
 0.253986
 0.252464
 0.251971
 0.251936
 0.256455
 0.254852
 0.254469
 0.253552
 0.255735
 0.252735
 0.24859
 0.251784
 0.248673
 0.248471
 0.245076
 0.243902
 0.246251
 0.249565
 0.247772
 0.246243
 0.246973
 0.245494
 0.243894
 0.243727
 0.243
 0.240559
 0.242166
 0.244756
 0.244243
 0.245403
 0.24427
 0.244828
 0.248856
 0.248394
 0.251565
 0.250812
 0.250439
 0.246783
 0.248803
 0.248824
 0.252355
 0.248798
 0.24763
 0.248077
 0.245706
 0.246508
 0.246108
 0.244537
 0.239733
 0.237019
 0.236216
 0.233665
 0.23131
 0.230785
 0.231787
 0.231496
 0.233596
 0.235251
 0.233959
 0.225538
 0.227874
 0.231193
 0.231579
 0.235176
 0.239712
 0.240904
 0.24155
 0.242597
 0.236571
 0.238834
 0.239883
 0.2339
 0.229769
 0.23067
 0.234887
 0.234437
 0.233798
 0.238238
 0.240049
 0.240386
 0.242879
 0.242225
 0.237231
 0.235638
 0.23666
 0.238465
 0.238407
 0.234049
 0.234639
 0.23635
 0.236735
 0.243195
 0.243254
 0.242555
 0.245922
 0.243819
 0.246367
 0.246924
 0.253298
 0.251747
 0.255001
 0.252966
 0.251609
 0.249068
 0.249789
 0.246547
 0.244093
 0.242716
 0.245503
 0.246444
 0.240911
 0.238257
 0.239402
 0.234853
 0.233964
 0.234788
 0.232099
 0.23133
 0.228984
 0.231231
 0.229099
 0.22894
 0.228741
 0.228947
 0.226885
 0.226345
 0.223854
 0.223887
 0.223836
 0.221395
 0.217287
 0.211271
 0.211398
 0.209829
 0.212335
 0.212717
 0.212175
 0.211429
 0.213411
 0.213646
 0.211873
 0.216522
 0.220376
 0.223578
 0.220985
 0.224875
 0.227131
 0.228575
 0.22139
 0.22102
 0.222494
 0.225077
 0.227557
 0.229987
 0.226583
 0.228377
 0.230523
 0.231972
 0.234356
 0.236571
 0.236341
 0.23633
 0.236164
 0.235482
 0.233258
 0.231775
 0.231718
 0.233764
 0.230122
 0.229396
 0.226359
 0.224298
 0.226848
 0.226681
 0.227439
 0.225661
 0.223716
 0.220298
 0.226708
 0.224171
 0.223208
 0.220538
 0.219163
 0.216845
 0.21363
 0.210607
 0.206981
 0.207483
 0.205662
 0.203107
 0.203992
 0.209148
 0.209903
 0.210652
 0.208036
 0.206744
 0.20723
 0.202202
 0.199536
 0.201836
 0.203435
 0.204209
 0.204805
 0.204018
 0.205201
 0.203227
 0.201238
 0.202843
 0.19913
 0.200217
 0.203393
 0.203226
 0.201856
 0.202605
 0.203541
 0.200971
 0.203693
 0.201884
 0.203188
 0.205899
 0.205188
 0.205433
 0.204269
 0.203685
 0.205857
 0.209297
 0.209938
 0.20888
 0.211099
 0.211912
 0.211103
 0.212991
 0.210764
 0.211992
 0.211312
 0.211448
 0.210755
 0.210381
 0.209946
 0.208442
 0.209656
 0.209284
 0.213899
 0.214295
 0.215854
 0.217543
 0.217282
 0.215467
 0.214326
 0.211465
 0.20906
 0.207965
 0.214403
 0.215161
 0.215454
 0.209254
 0.205237
 0.204996
 0.204623
 0.205942
 0.206035
 0.204969
 0.206586
 0.207894
 0.206474
 0.202738
 0.203177
 0.20078
 0.204429
 0.202465
 0.204143
 0.200932
 0.200681
 0.200846
 0.201889
 0.198045
 0.200654
 0.199936
 0.198461
 0.195785
 0.195927
 0.197356
 0.200092
 0.200215
 0.19877
 0.199344
 0.203164
 0.202595
 0.201407
 0.203546
 0.205949
 0.207662
 0.208318
 0.204863
 0.201007
 0.205563
 0.202077
 0.201619
 0.200582
 0.205532
 0.202032
 0.200463
 0.197007
 0.199746
 0.201783
 0.203187
 0.203071
 0.203637
 0.202058
 0.201014
 0.201032
 0.197805
 0.194272
 0.198044
 0.197213
 0.197646
 0.194127
 0.193686
 0.194343
 0.193414
 0.191893
 0.19366
 0.188424
 0.186568
 0.18818
 0.188873
 0.191559
 0.189917
 0.185118
 0.18496
 0.186475
 0.190186
 0.192647
 0.190785
 0.189479
 0.18594
 0.183089
 0.184276
 0.187584
 0.189372
 0.188971
 0.187704
 0.186907
 0.184553
 0.183849
 0.185978
 0.192019
 0.192388
 0.191177
 0.189999
 0.190709
 0.194697
 0.198147
 0.199767
 0.200817
 0.202529
 0.199799
 0.199573
 0.200617
 0.196773
 0.196725
 0.199411
 0.200166
 0.199119
 0.196958
 0.195362
 0.193535
 0.194113
 0.196521
 0.19578
 0.192595
 0.192603
 0.192111
 0.192584
 0.193635
 0.191566
 0.185845
 0.186456
 0.185331
 0.182751
 0.180987
 0.180405
 0.181661
 0.177549
 0.175905
 0.178702
 0.175578
 0.174586
 0.17546
 0.175772
 0.175069
 0.172574
 0.169781
 0.170578
 0.170209
 0.166373
 0.165002
 0.163965
 0.164716
 0.163046
 0.161552
 0.162775
 0.16517
 0.165979
 0.165529
 0.169181
 0.172349
 0.175531
 0.173772
 0.175158
 0.177605
 0.178473
 0.181372
 0.184734
 0.184976
 0.186682
 0.186798
 0.187956
 0.18512
 0.184554
 0.189118
 0.187603
 0.187738
 0.188682
 0.1917
 0.192342
 0.189804
 0.185848
 0.184674
 0.184015
 0.186129
 0.183756
 0.185088
 0.181174
 0.174163
 0.176774
 0.17758
 0.178872
 0.178942
 0.173587
 0.173522
 0.16974
 0.169823
 0.167498
 0.167439
 0.164631
 0.163686
 0.161598
 0.164079
 0.166006
 0.16672
 0.164948
 0.165106
 0.162858
 0.164756
 0.159098
 0.15832
 0.157755
 0.158075
 0.157739
 0.155365
 0.156785
 0.153458
 0.155091
 0.156184
 0.159109
 0.161651
 0.161728
 0.165446
 0.166214
 0.163454
 0.166411
 0.16532
 0.165321
 0.166189
 0.166181
 0.165621
 0.165442
 0.165314
 0.167386
 0.16459
 0.164958
 0.167144
 0.17001
 0.167329
 0.16845
 0.165749
 0.165482
 0.169951
 0.170308
 0.170957
 0.168985
 0.170366
 0.171752
 0.172671
 0.172466
 0.176737
 0.177705
 0.17573
 0.172308
 0.167987
 0.166843
 0.164994
 0.163208
 0.165474
 0.165301
 0.16675
 0.168641
 0.169221
 0.168889
 0.17227
 0.171872
 0.173219
 0.169635
 0.165065
 0.161844
 0.161005
 0.156177
 0.155092
 0.15751
 0.153898
 0.155273
 0.159321
 0.162807
 0.165083
 0.166915
 0.169013
 0.168108
 0.168774
 0.167621
 0.166774
 0.169121
 0.169573
 0.170009
 0.167907
 0.171188
 0.171852
 0.169987
 0.167772
 0.166376
 0.168019
 0.170115
 0.17092
 0.16916
 0.164036
 0.164252
 0.164084
 0.166229
 0.168728
 0.16942
 0.171147
 0.171333
 0.173175
 0.170143
 0.166812
 0.168256
 0.170084
 0.165252
 0.16607
 0.169335
 0.167342
 0.165404
 0.166655
 0.16437
 0.163942
 0.162321
 0.159749
 0.156736
 0.158456
 0.157793
 0.154592
 0.151158
 0.148804
 0.149437
 0.151121
 0.152451
 0.151597
 0.149941
 0.147485
 0.147287
 0.147929
 0.151081
 0.147761
 0.147469
 0.150329
 0.151773
 0.152943
 0.149561
 0.14735
 0.147348
 0.146558
 0.148573
 0.148886
 0.146037
 0.1469
 0.147055
 0.148213
 0.148347
 0.150397
 0.151859
 0.152343
 0.15442
 0.15443
 0.156123
 0.156935
 0.155422
 0.159509
 0.16088
 0.159184
 0.157016
 0.162057
 0.16399
 0.164667
 0.165173
 0.163164
 0.159599
 0.16531
 0.163822
 0.161117
 0.158338
 0.158371
 0.15503
 0.155486
 0.159361
 0.15843
 0.158621
 0.156736
 0.15329
 0.152947
 0.150232
 0.148456
 0.148463
 0.147803
 0.146623
 0.144785
 0.147803
 0.148606
 0.150599
 0.152815
 0.149529
 0.149927
 0.148209
 0.147103
 0.147094
 0.146883
 0.14341
 0.142305
 0.143326
 0.142749
 0.142186
 0.144432
 0.144102
 0.144687
 0.144506
 0.143013
 0.142468
 0.143101
 0.144636
 0.143004
 0.145116
 0.146673
 0.145551
 0.147444
 0.150097
 0.150471
 0.150573
 0.149204
 0.150279
 0.145582
 0.146321
 0.148744
 0.148688
 0.149024
 0.150908
 0.14927
 0.146481
 0.14701
 0.146431
 0.147922
 0.151093
 0.152671
 0.151944
 0.154273
 0.155186
 0.156833
 0.154534
 0.154792
 0.153359
 0.151342
 0.148758
 0.148319
 0.150382
 0.148162
 0.144618
 0.145007
 0.143656
 0.14346
 0.145123
 0.143712
 0.146332
 0.14406
 0.144583
 0.146037
 0.145247
 0.148156
 0.151488
 0.152018
 0.150999
 0.151031
 0.149029
 0.152348
 0.153537
 0.154412
 0.149977
 0.144279
 0.145724
 0.147353
 0.146594
 0.144489
 0.144063
 0.142063
 0.14305
 0.137412
 0.140651
 0.143502
 0.143883
 0.144748
 0.146029
 0.143405
 0.141852
 0.141408
 0.144669
 0.144695
 0.14703
 0.145582
 0.144612
 0.142625
 0.144282
 0.147604
 0.147178
 0.145623
 0.14421
 0.144856
 0.145386
 0.145484
 0.146733
 0.14611
 0.145879
 0.142403
 0.138042
 0.137832
 0.134793
 0.132066
 0.132527
 0.129457
 0.129789
 0.131116
 0.129927
 0.131789
 0.135514
 0.134179
 0.132924
 0.133012
 0.133766
 0.135933
 0.133699
 0.131898
 0.12982
 0.126743
 0.127978
 0.127651
 0.128146
 0.129718
 0.130666
 0.128118
 0.127373
 0.126149
 0.125863
 0.12544
 0.124424
 0.125381
 0.124318
 0.128011
 0.128002
 0.129495
 0.132533
 0.133311
 0.133894
 0.133917
 0.131553
 0.132114
 0.129236
 0.13381
 0.136426
 0.138348
 0.135375
 0.135549
 0.133277
 0.136361
 0.138744
 0.141118
 0.140179
 0.140014
 0.138054
 0.135739
 0.133798
 0.132934
 0.132048
 0.131971
 0.134975
 0.136151
 0.135328
 0.135711
 0.13343
 0.134298
 0.137463
 0.137345
 0.134296
 0.134393
 0.135705
 0.133769
 0.134222
 0.132052
 0.132895
 0.131819
 0.130581
 0.128835
 0.127573
 0.127303
 0.128026
 0.126707
 0.131021
 0.129074
 0.127593
 0.125442
 0.125273
 0.125119
 0.12435
 0.124462
 0.126059
 0.12621
 0.127744
 0.125437
 0.126459
 0.126218
 0.127287
 0.125482
 0.123429
 0.126885
 0.125493
 0.123752
 0.123293
 0.123113
 0.123342
 0.124642
 0.125489
 0.128703
 0.129657
 0.133624
 0.13528
 0.138771
 0.140381
 0.14025
 0.141983
 0.141526
 0.140774
 0.140103
 0.137781
 0.135993
 0.13588
 0.133769
 0.136633
 0.138792
 0.140383
 0.13981
 0.137577
 0.139481
 0.137874
 0.136749
 0.130985
 0.128771
 0.127443
 0.124423
 0.124764
 0.124327
 0.121358
 0.118997
 0.117704
 0.115707
 0.116978
 0.117997
 0.11569
 0.114684
 0.112092
 0.112614
 0.112299
 0.113717
 0.111482
 0.109467
 0.110262
 0.112276
 0.112046
 0.11094
 0.112928
 0.114874
 0.116135
 0.118727
 0.118208
 0.119632
 0.123219
 0.12246
 0.119716
 0.121515
 0.118533
 0.120991
 0.118287
 0.11693
 0.115955
 0.115445
 0.116407
 0.118373
 0.117094
 0.117388
 0.119319
 0.121508
 0.118978
 0.121745
 0.119368
 0.118907
 0.123416
 0.122436
 0.124503
 0.125189
 0.121928
 0.120632
 0.118413
 0.117972
 0.116437
 0.118367
 0.121857
 0.117662
 0.118617
 0.120457
 0.12237
 0.119636
 0.120534
 0.121604
 0.122524
 0.121445
 0.12194
 0.1189
 0.118624
 0.119374
 0.121154
 0.119603
 0.119111
 0.11969
 0.11997
 0.117795
 0.117445
 0.11829
 0.116165
 0.116005
 0.116333
 0.114922
 0.112876
 0.114884
 0.113554
 0.113211
 0.111695
 0.111294
 0.112559
 0.111445
 0.111359
 0.110658
 0.110876
 0.112193
 0.110714
 0.109594
 0.109452
 0.109549
 0.109395
 0.109069
 0.108686
 0.108379
 0.109713
 0.108725
 0.108148
 0.109451
 0.109873
 0.110932
 0.110675
 0.11248
 0.112044
 0.11164
 0.108851
 0.107535
 0.110586
 0.113099
 0.114442
 0.115467
 0.115085
 0.113159
 0.113837
 0.113908
 0.117357
 0.117678
 0.115388
 0.113917
 0.112186
 0.112701
 0.114307
 0.115955
 0.116754
 0.116265
 0.117351
 0.117552
 0.115233
 0.112561
 0.114766
 0.11556
 0.114215
 0.111427
 0.110929
 0.112655
 0.115108
 0.116916
 0.118598
 0.118306
 0.116566
 0.117138
 0.115764
 0.114876
 0.112843
 0.109599
 0.107716
 0.108288
 0.108514
 0.107453
 0.105339
 0.107141
 0.104868
 0.105401
 0.106606
 0.108127
 0.111845
 0.112407
 0.109695
 0.107809
 0.108824
 0.108707
 0.106775
 0.109604
 0.108711
 0.107244
 0.10776
 0.10673
 0.107656
 0.105814
 0.107794
 0.109148
 0.109414
 0.113621
 0.114996
 0.116149
 0.115116
 0.117013
 0.118561
 0.119011
 0.121353
 0.117778
 0.114098
 0.115393
 0.117453
 0.116362
 0.115381
 0.114655
 0.113384
 0.112219
 0.112502
 0.114574
 0.112303
 0.110243
 0.108585
 0.106882
 0.105423
 0.105662
 0.107741
 0.109609
 0.108827
 0.108986
 0.108223
 0.108549
 0.110543
 0.106973
 0.109008
 0.10633
 0.105538
 0.103569
 0.103132
 0.102524
 0.102523
 0.102504
 0.103363
 0.103379
 0.105402
 0.109783
 0.108629
 0.108753
 0.110768
 0.110796
 0.112553
 0.111002
 0.110566
 0.109045
 0.110197
 0.10786
 0.106258
 0.103401
 0.104289
 0.104164
 0.103705
 0.104436
 0.106639
 0.108007
 0.110959
 0.111843
 0.109064
 0.113714
 0.113911
 0.112007
 0.112965
 0.110705
 0.109453
 0.107782
 0.106746
 0.109612
 0.109188
 0.109785
 0.107824
 0.107473
 0.107453
 0.110007
 0.104791
 0.101221
 0.0998021
 0.100723
 0.103651
 0.105107
 0.101896
 0.104226
 0.104433
 0.104035
 0.104565
 0.101498
 0.0993299
 0.0994336
 0.0997523
 0.100693
 0.101212
 0.101464
 0.102709
 0.0999244
 0.0984673
 0.0996899
 0.100509
 0.10065
 0.102345
 0.102292
 0.100812
 0.0999631
 0.0999349
 0.0998678
 0.099596
 0.0983935
 0.0952111
 0.0949776
 0.0949352
 0.0989239
 0.0983093
 0.0994127
 0.0996952
 0.0993555
 0.101506
 0.0992885
 0.0986393
 0.096648
 0.0954381
 0.0944226
 0.0948536
 0.0974755
 0.100457
 0.101399
 0.102026
 0.104014
 0.102621
 0.10491
 0.105233
 0.104006
 0.102987
 0.101665
 0.101343
 0.0995297
 0.101717
 0.102547
 0.102674
 0.101317
 0.0991433
 0.0997985
 0.0989644
 0.0962364
 0.0972171
 0.0939169
 0.094259
 0.0942211
 0.0956322
 0.0943019
 0.0896476
 0.0881844
 0.0894976
 0.0903784
 0.0923747
 0.0930911
 0.0930029
 0.0923204
 0.0908242
 0.0908059
 0.0887411
 0.0884763
 0.0921119
 0.0923428
 0.093313
 0.0933599
 0.0935636
 0.0940302
 0.0933386
 0.0937662
 0.0893289
 0.089152
 0.0909875
 0.0921914
 0.0898527
 0.0902811
 0.0895825
 0.0939671
 0.0932922
 0.0940524
 0.0937467
 0.0946239
 0.0952062
 0.0962226
 0.0964042
 0.0965104
 0.0954824
 0.0961914
 0.0942081
 0.091714
 0.0896924
 0.0895367
 0.0917097
 0.0952566
 0.0947107
 0.0931776
 0.0897109
 0.0883702
 0.0899263
 0.0916323
 0.0929497
 0.0939602
 0.0937687
 0.0931278
 0.09392
 0.0963228
 0.096214
 0.0957335
 0.093291
 0.0925018
 0.0924848
 0.0908256
 0.0889615
 0.0912093
 0.0915509
 0.0893249
 0.0878293
 0.0878891
 0.0882032
 0.086562
 0.0881084
 0.0895391
 0.0895069
 0.0882766
 0.0912505
 0.089203
 0.0865704
 0.0837393
 0.0800992
 0.082268
 0.0854028
 0.0855699
 0.0844224
 0.0820262
 0.0834803
 0.0856255
 0.0870029
 0.0908835
 0.0890838
 0.088038
 0.0902179
 0.090464
 0.0900933
 0.0903153
 0.0929485
 0.0937854
 0.093011
 0.0949642
 0.0974422
 0.0956694
 0.091832
 0.0896865
 0.0899947
 0.091003
 0.0905318
 0.0906605
 0.0896264
 0.0866093
 0.0867428
 0.0874483
 0.0880427
 0.0888557
 0.0913558
 0.0914475
 0.0926912
 0.0916512
 0.0918377
 0.0918331
 0.09083
 0.0890435
 0.0891611
 0.090822
 0.0905
 0.0908044
 0.0900736
 0.0891079
 0.0850026
 0.0844994
 0.0865777
 0.086611
 0.0855665
 0.0814703
 0.0824518
 0.0793279
 0.0774663
 0.0760323
 0.0750583
 0.0764875
 0.0770719
 0.0757821
 0.0774914
 0.0798984
 0.078783
 0.0797812
 0.0814218
 0.0838644
 0.0825216
 0.0813378
 0.0841622
 0.0868578
 0.0865006
 0.084196
 0.084162
 0.0840538
 0.0829652
 0.0839059
 0.085644
 0.0867064
 0.0884226
 0.0865064
 0.084002
 0.085035
 0.0843462
 0.0837499
 0.0860447
 0.086092
 0.0874577
 0.0851395
 0.0845073
 0.0847552
 0.0858152
 0.0873292
 0.0854786
 0.0874534
 0.0866412
 0.0884582
 0.0888396
 0.0910502
 0.0901172
 0.0920306
 0.0935222
 0.0930114
 0.0932762
 0.0930965
 0.0931061
 0.093353
 0.0908269
 0.0865039
 0.084757
 0.0840744
 0.084475
 0.0858952
 0.0877988
 0.0867259
 0.0860119
 0.083479
 0.0828605
 0.0834769
 0.0828519
 0.0815064
 0.0817239
 0.0811973
 0.0818242
 0.0834188
 0.0812282
 0.0790186
 0.0799816
 0.0794715
 0.0799489
 0.0795532
 0.0795069
 0.077612
 0.0776646
 0.078704
 0.0777648
 0.0789499
 0.0784364
 0.0792213
 0.080345
 0.0802109
 0.08263
 0.0808899
 0.080731
 0.0818491
 0.0810874
 0.0807348
 0.0819274
 0.0827053
 0.0842818
 0.0855873
 0.088065
 0.0881737
 0.0870563
 0.0878031
 0.0884325
 0.0866316
 0.0860137
 0.0859355
 0.0846435
 0.0830153
 0.0846054
 0.0831034
 0.0833249
 0.0821701
 0.0789123
 0.0778487
 0.0764432
 0.0772287
 0.0773971
 0.0762263
 0.0765271
 0.0765279
 0.0779149
 0.0781156
 0.0780187
 0.0773642
 0.0788271
 0.0793206
 0.0812061
 0.0820262
 0.0822724
 0.0817253
 0.0791314
 0.0794095
 0.0773063
 0.0765092
 0.0757932
 0.0742862
 0.075846
 0.0736558
 0.0745195
 0.0734841
 0.0743762
 0.0730125
 0.0745366
 0.0717379
 0.0717525
 0.0738208
 0.073018
 0.0722216
 0.0727846
 0.0728083
 0.0732613
 0.072965
 0.0764973
 0.0768696
 0.0764461
 0.07781
 0.0772495
 0.0788955
 0.0804149
 0.0815126
 0.0807832
 0.0808139
 0.0817196
 0.0802988
 0.0814304
 0.0821633
 0.0824463
 0.0838619
 0.0834824
 0.0817795
 0.0825432
 0.0853485
 0.0872979
 0.0861931
 0.0863657
 0.0845987
 0.0821959
 0.0821917
 0.0847939
 0.0858303
 0.0849693
 0.0824834
 0.0810692
 0.0805387
 0.0798497
 0.0803801
 0.0789339
 0.0795108
 0.0789856
 0.0785623
 0.075443
 0.0750234
 0.0728309
 0.0710473
 0.0686974
 0.0719049
 0.0720364
 0.0706884
 0.0722335
 0.0724059
 0.0738415
 0.0740648
 0.0743494
 0.0737473
 0.0712132
 0.0703479
 0.0698754
 0.0678818
 0.0682604
 0.0672202
 0.0678788
 0.0702471
 0.0707266
 0.0722941
 0.0732364
 0.0747247
 0.0773839
 0.076941
 0.0774473
 0.0750011
 0.0721262
 0.0742603
 0.0749065
 0.0745982
 0.074223
 0.0746927
 0.074914
 0.0738275
 0.0741664
 0.0736041
 0.0740792
 0.0764578
 0.0774505
 0.077326
 0.078464
 0.0793257
 0.078738
 0.0786803
 0.0796951
 0.0793189
 0.0816508
 0.0823122
 0.0801581
 0.0798708
 0.0778732
 0.0787271
 0.0790054
 0.0770523
 0.0767675
 0.0764977
 0.0748632
 0.0744199
 0.0730402
 0.0739877
 0.0726321
 0.0718641
 0.06952
 0.0706055
 0.069916
 0.0674031
 0.0661246
 0.0645217
 0.0641991
 0.0653847
 0.0674953
 0.0675405
 0.0651204
 0.0657098
 0.0634138
 0.0620819
 0.0645221
 0.0650738
 0.0670105
 0.0657812
 0.0651312
 0.0648097
 0.0651837
 0.0665398
 0.0672663
 0.0672652
 0.0654541
 0.0659251
 0.0676047
 0.0704436
 0.0724109
 0.073562
 0.075232
 0.0763361
 0.0785355
 0.0798365
 0.0789777
 0.080657
 0.0816191
 0.0832197
 0.0830027
 0.0817223
 0.07973
 0.0779765
 0.0785363
 0.0772475
 0.0769143
 0.0757408
 0.0729603
 0.0729331
 0.0719107
 0.0720725
 0.0716191
 0.0712208
 0.0698573
 0.0697495
 0.0708635
 0.0709638
 0.0733605
 0.0726499
 0.0714848
 0.069471
 0.0666923
 0.0664862
 0.0662196
 0.0655768
 0.0645001
 0.0629894
 0.0633227
 0.0630001
 0.0611653
 0.0618617
 0.0619832
 0.0610526
 0.0624991
 0.062047
 0.0632515
 0.0611876
 0.0601078
 0.0610607
 0.0617396
 0.0614362
 0.0631001
 0.064682
 0.0652813
 0.0652343
 0.0670554
 0.0666945
 0.0664125
 0.0682701
 0.0666701
 0.0659052
 0.0662954
 0.0667431
 0.0666113
 0.0664683
 0.0649347
 0.0655547
 0.0662281
 0.0686151
 0.0684622
 0.0707218
 0.0704915
 0.0714167
 0.0721862
 0.0732361
 0.0730486
 0.0747333
 0.0729302
 0.0719353
 0.0716873
 0.0702367
 0.0695782
 0.0690442
 0.068336
 0.0691137
 0.0678866
 0.0663346
 0.0654884
 0.0668202
 0.0660512
 0.0679221
 0.0661669
 0.0642154
 0.0622617
 0.0600703
 0.0587088
 0.0589033
 0.0603491
 0.059303
 0.0589159
 0.0571473
 0.0592638
 0.0602437
 0.0624925
 0.0614072
 0.0604472
 0.0603076
 0.058693
 0.058037
 0.058669
 0.0591472
 0.0586672
 0.0566628
 0.0564842
 0.0591574
 0.0593042
 0.0584746
 0.0570603
 0.0571438
 0.0576627
 0.0590007
 0.0582735
 0.0573059
 0.0577275
 0.0564469
 0.0555639
 0.0580733
 0.0604126
 0.0635382
 0.0637132
 0.0630271
 0.0627185
 0.0635541
 0.0652507
 0.0636064
 0.0650489
 0.0670018
 0.0673721
 0.0688734
 0.069633
 0.0702158
 0.0688652
 0.0683549
 0.0687597
 0.0688252
 0.0691087
 0.0695745
 0.0674432
 0.065831
 0.0647213
 0.0634431
 0.0647915
 0.0633193
 0.0618739
 0.0602713
 0.0607397
 0.0606745
 0.0595281
 0.058919
 0.0573355
 0.0568748
 0.0581115
 0.0592294
 0.0606106
 0.0605915
 0.0621306
 0.062474
 0.0611426
 0.0596311
 0.0614574
 0.0609042
 0.0614125
 0.0617082
 0.0609561
 0.0576394
 0.0574165
 0.057868
 0.0576459
 0.0572115
 0.0568501
 0.0558063
 0.0567516
 0.0585451
 0.0574697
 0.0558787
 0.0566376
 0.0569533
 0.0578255
 0.060303
 0.0603898
 0.0612094
 0.0606228
 0.0588015
 0.060523
 0.0620249
 0.0643577
 0.0652728
 0.0649451
 0.065836
 0.0648934
 0.0625769
 0.0616737
 0.0619199
 0.0619798
 0.0624776
 0.063396
 0.061627
 0.060676
 0.060709
 0.0612766
 0.0592146
 0.0569773
 0.0567071
 0.0571749
 0.0580732
 0.0576668
 0.0553139
 0.0555066
 0.0546394
 0.0535511
 0.0528609
 0.0522123
 0.0508185
 0.0501336
 0.0511691
 0.0513221
 0.0493488
 0.0515934
 0.0517185
 0.0530345
 0.0523573
 0.0530149
 0.053277
 0.0523856
 0.0516543
 0.0518608
 0.0506471
 0.0502456
 0.0514553
 0.0520268
 0.0505655
 0.049981
 0.052144
 0.0508533
 0.0518655
 0.0520723
 0.053438
 0.0553872
 0.0548911
 0.0539476
 0.0549509
 0.0562726
 0.0552165
 0.0556074
 0.0541742
 0.0556279
 0.0556427
 0.0571442
 0.0566638
 0.058131
 0.0596843
 0.0594438
 0.0576465
 0.0603096
 0.061138
 0.0623993
 0.0623154
 0.0614849
 0.0630465
 0.0598271
 0.0570263
 0.0578704
 0.0558543
 0.055791
 0.05559
 0.0559203
 0.0559491
 0.0540352
 0.0555569
 0.0538016
 0.0533107
 0.0559865
 0.0584143
 0.057176
 0.0571429
 0.057164
 0.0533023
 0.0509537
 0.0496852
 0.0518792
 0.0523805
 0.052385
 0.0512292
 0.0499039
 0.0484988
 0.048539
 0.0514038
 0.0498772
 0.0489703
 0.0493596
 0.048265
 0.0496276
 0.048943
 0.0492273
 0.0502927
 0.048441
 0.0500977
 0.0502282
 0.050178
 0.0491946
 0.049072
 0.0485746
 0.0475544
 0.0480416
 0.0494927
 0.0504541
 0.051096
 0.0504872
 0.0507727
 0.0508454
 0.0505756
 0.0502608
 0.0514178
 0.0524446
 0.053164
 0.0527848
 0.0547396
 0.0553321
 0.0541309
 0.0544972
 0.0545762
 0.0565999
 0.0561754
 0.0573214
 0.0575113
 0.0581941
 0.0597662
 0.0583221
 0.0586456
 0.0591417
 0.060109
 0.0603857
 0.0602977
 0.0603001
 0.0583872
 0.0580457
 0.0567011
 0.0561413
 0.0534869
 0.0516129
 0.0525021
 0.0528433
 0.0535144
 0.0519042
 0.0508926
 0.0494473
 0.0498524
 0.051533
 0.0511538
 0.0506517
 0.0495519
 0.0476868
 0.0474213
 0.0482894
 0.0479908
 0.0473319
 0.0460267
 0.0461466
 0.0468458
 0.0444252
 0.0464989
 0.0461804
 0.0452929
 0.0459999
 0.0463177
 0.0461848
 0.045118
 0.0450117
 0.0437534
 0.0434716
 0.0453193
 0.0458798
 0.0464765
 0.0468473
 0.0466422
 0.047469
 0.0468723
 0.0501758
 0.0523266
 0.0531855
 0.0535712
 0.0523763
 0.0530721
 0.0549447
 0.054399
 0.0544687
 0.0558664
 0.0565158
 0.0545449
 0.0533326
 0.0519651
 0.052535
 0.0521284
 0.0526459
 0.0530555
 0.0528525
 0.0526983
 0.0513526
 0.0502277
 0.0501166
 0.050116
 0.0500078
 0.0493825
 0.0511802
 0.0510499
 0.0500796
 0.0491043
 0.0484597
 0.047252
 0.0485033
 0.0469358
 0.0465265
 0.0453774
 0.0446196
 0.0430806
 0.0439205
 0.0458608
 0.0465093
 0.0474008
 0.0466869
 0.0485211
 0.0487761
 0.0470282
 0.0464142
 0.0464173
 0.045761
 0.0440034
 0.0429482
 0.0419583
 0.0412079
 0.0430171
 0.0444897
 0.0441309
 0.044788
 0.0446845
 0.0436352
 0.043535
 0.0445271
 0.0460414
 0.0467503
 0.0464033
 0.0478307
 0.0492122
 0.0488221
 0.0469654
 0.0473396
 0.0463427
 0.0477971
 0.0476818
 0.0494175
 0.0498235
 0.0500131
 0.0490967
 0.0484934
 0.0499646
 0.0477553
 0.0460793
 0.0470068
 0.0477344
 0.047365
 0.0450353
 0.0460652
 0.0456985
 0.0460573
 0.0466302
 0.0466517
 0.0482161
 0.0476408
 0.0478483
 0.0462109
 0.0457209
 0.0437479
 0.0450163
 0.0457002
 0.0461942
 0.0463888
 0.0451288
 0.0434958
 0.042814
 0.0416968
 0.0409874
 0.0408872
 0.0419989
 0.0411926
 0.041481
 0.0428445
 0.044355
 0.04436
 0.043255
 0.0433419
 0.0448264
 0.0470609
 0.0479471
 0.0467598
 0.0485482
 0.0490425
 0.0492658
 0.0502092
 0.0502119
 0.0496417
 0.0482442
 0.0471815
 0.0481173
 0.0491737
 0.051224
 0.0500409
 0.0498492
 0.0484476
 0.0474968
 0.0473187
 0.0479552
 0.0491913
 0.0473749
 0.0475227
 0.0509146
 0.0528665
 0.0533112
 0.0561117
 0.0558184
 0.0548498
 0.0544727
 0.052331
 0.0537808
 0.0554404
 0.0532919
 0.0524937
 0.0525434
 0.0519527
 0.0520942
 0.05152
 0.0490045
 0.0495397
 0.0482301
 0.0478414
 0.0487181
 0.0473791
 0.0476783
 0.0473601
 0.0479786
 0.0473039
 0.0476037
 0.0493587
 0.0486734
 0.0493221
 0.0487045
 0.0493302
 0.0467003
 0.0479773
 0.0487183
 0.0503759
 0.0493201
 0.047697
 0.0464474
 0.0463819
 0.0459805
 0.0461788
 0.046946
 0.0461913
 0.0444962
 0.0442792
 0.0433667
 0.0438188
 0.0449195
 0.0452878
 0.0439718
 0.0433623
 0.0423949
 0.0436773
 0.0424773
 0.0423768
 0.0434831
 0.0461513
 0.04598
 0.0450267
 0.0448704
 0.0469019
 0.0473271
 0.0480289
 0.0484947
 0.047432
 0.0477864
 0.0496234
 0.050576
 0.0502514
 0.0517931
 0.0504833
 0.0503509
 0.050161
 0.0486228
 0.0496492
 0.0477128
 0.0471068
 0.0452872
 0.0448185
 0.198623
 