0.149054 0 -0.32177 0 0 0.267113 0 0 0.274349 0.714705 -0.655221 0 0 0 0.0085103 0.00902419 0.0275835 -0.0203654 -0.0922335 0.0621875 0.00311635 -0.000478617 -0.0468865 -0.030443 0.115993 
0 0 0 0 0 0 0 0 0 0 0 0 0 0 0 0 0 0 0 0 0 0 0 0 0 
0.838104 0 -0.17997 0 0 -0.601637 0 0 0.986622 -0.823742 0.0369695 0 0 0 0.00169959 -0.000779569 0.00508475 -0.00895649 -0.0064197 0.00702086 0.00278276 -0.0051532 -0.00135966 0.00560916 0.0058632 
0 0 0 0 0 0 0 0 0 0 0 0 0 0 0 0 0 0 0 0 0 0 0 0 0 
0 0 0 0 0 0 0 0 0 0 0 0 0 0 0 0 0 0 0 0 0 0 0 0 0 
-0.565163 0 -0.199447 0 0 0.586933 0 0 0.736548 0.0836781 0.23818 0 0 0 -0.0134698 -0.00408481 -0.0347273 0.0335183 0.0992838 -0.0607131 0.00231397 -0.00751711 0.0535857 0.0352509 -0.14885 
0 0 0 0 0 0 0 0 0 0 0 0 0 0 0 0 0 0 0 0 0 0 0 0 0 
0 0 0 0 0 0 0 0 0 0 0 0 0 0 0 0 0 0 0 0 0 0 0 0 0 
0.500763 0 0.614778 0 0 -0.403948 0 0 0.417844 0.910817 -0.405784 0 0 0 0.00458434 -0.00264998 0.00437744 -0.00769413 -0.0140601 0.0121527 0.00330397 -0.00746613 0.00112846 -0.0103048 0.0151294 
-0.531311 0 -0.0673695 0 0 0.615678 0 0 0.224344 0.816201 0.294339 0 0 0 0.000432799 -0.0132185 -0.0196346 0.0184232 0.0567873 -0.0378695 -0.00216163 0.00205611 0.0356566 0.0208606 -0.0837072 
-0.749467 0 -0.664538 0 0 -0.0479613 0 0 0.899957 0.171665 0.185541 0 0 0 0.0242379 0.0282472 0.061564 -0.0658139 -0.190486 0.123742 0.0129341 0.0127586 -0.111957 -0.0585564 0.248549 
0 0 0 0 0 0 0 0 0 0 0 0 0 0 0 0 0 0 0 0 0 0 0 0 0 
0 0 0 0 0 0 0 0 0 0 0 0 0 0 0 0 0 0 0 0 0 0 0 0 0 
0 0 0 0 0 0 0 0 0 0 0 0 0 0 0 0 0 0 0 0 0 0 0 0 0 
0 0 0 0 0 0 0 0 0 0 0 0 0 0 0 0 0 0 0 0 0 0 0 0 0 
0 0 0 0 0 0 0 0 0 0 0 0 0 0 0 0 0 0 0 0 0 0 0 0 0 
0 0 0 0 0 0 0 0 0 0 0 0 0 0 0 0 0 0 0 0 0 0 0 0 0 
0 0 0 0 0 0 0 0 0 0 0 0 0 0 0 0 0 0 0 0 0 0 0 0 0 
0 0 0 0 0 0 0 0 0 0 0 0 0 0 0 0 0 0 0 0 0 0 0 0 0 
0 0 0 0 0 0 0 0 0 0 0 0 0 0 0 0 0 0 0 0 0 0 0 0 0 
0 0 0 0 0 0 0 0 0 0 0 0 0 0 0 0 0 0 0 0 0 0 0 0 0 
0 0 0 0 0 0 0 0 0 0 0 0 0 0 0 0 0 0 0 0 0 0 0 0 0 
0 0 0 0 0 0 0 0 0 0 0 0 0 0 0 0 0 0 0 0 0 0 0 0 0 
0 0 0 0 0 0 0 0 0 0 0 0 0 0 0 0 0 0 0 0 0 0 0 0 0 
0 0 0 0 0 0 0 0 0 0 0 0 0 0 0 0 0 0 0 0 0 0 0 0 0 
